0 48 2.15044
1 101 2.17265
0 97 2.13274
1 101 2.16063
0 97 2.11929
1 101 2.15454
0 97 2.10479
1 101 2.14841
0 97 2.09081
1 101 2.14222
0 97 2.08051
1 101 2.136
0 97 2.06704
1 101 2.12974
0 97 2.05314
1 101 2.12345
0 97 2.85171
1 101 3.07497
0 97 2.8354
1 101 3.07062
0 97 2.81775
1 101 3.06627
0 97 2.82429
1 101 3.06194
0 97 2.79781
1 101 3.05762
0 97 2.80045
1 101 3.05333
0 97 2.7956
1 62 3.04908
0 97 2.7873
0 97 6.57054
1 101 3.04073
1 101 3.63654
2 63 7.01755
2 63 4
0 97 2.77088
0 97 6.57533
1 101 3.03666
1 101 3.6469
2 75 7.01579
2 75 4
0 97 2.78606
0 97 6.65467
1 101 3.03268
1 101 3.70742
2 75 7.01407
2 75 4
0 97 2.79391
0 97 6.35519
1 101 3.0288
1 101 3.51826
2 66 7.01239
2 66 4
0 97 2.77534
0 97 6.42528
1 101 2.14278
1 101 3.57166
2 75 5.31526
2 75 4
0 97 2.77565
0 97 6.45906
1 101 0.0537187
1 101 3.60159
2 75 0.599787
2 75 4
0 97 2.78646
0 97 6.41841
1 101 2.22797
1 101 3.58421
2 69 5.45739
2 69 4
0 97 2.74963
0 97 7.00183
1 101 2.48916
1 101 4.29108
2 70 6.85342
2 70 5
0 97 2.74389
0 97 6.49486
1 101 2.17581
1 101 3.65782
2 71 5.27227
2 71 4
0 97 2.66561
0 97 6.60542
1 101 2.43912
1 101 3.73427
2 72 5.83026
2 72 4
0 97 3.52522
0 97 7.50773
1 101 3.36696
1 101 3.72465
2 73 6.81514
2 73 4
0 97 3.5291
0 97 7.50806
1 101 3.31238
1 101 3.73198
2 74 6.69039
2 74 4
0 97 3.51875
0 97 8.42371
1 101 3.11456
1 101 4.66313
2 75 7.07143
2 75 5
0 97 3.48804
0 97 8.39139
1 101 3.09965
1 101 4.65324
2 75 7.00737
2 75 5
0 77 3.40439
0 77 8.24987
1 101 1.48262
1 101 4.58326
2 77 3.33589
2 77 5
0 78 3.35396
0 78 8.22041
1 101 1.17629
1 101 4.56689
2 78 2.64664
2 78 5
0 79 3.20169
0 79 7.38335
1 101 1.00959
1 101 3.69168
2 75 2.01918
2 75 4
0 80 2.85514
0 80 7.42119
1 80 0.669982
1 80 3.71059
2 75 1.33996
2 75 4
0 81 2.56265
0 81 7.44824
1 81 0.743039
1 81 3.72412
2 75 1.48608
2 75 4
0 82 1.08391
0 82 7.68751
1 82 0.342525
1 82 3.8318
2 75 0.767911
2 75 4
0 83 0.541618
0 83 7.62213
1 83 0.126595
1 83 3.82398
2 75 0.168175
2 75 4.00023
0 84 0.209199
0 84 7.62812
1 84 0.0681406
1 84 3.82058
2 75 0.0937705
2 75 4.00023
0 85 4.00023
0 85 7.61919
1 85 4.00023
1 85 3.82256
2 75 8
2 75 0.212648
0 86 4.00087
0 86 7.64541
1 86 4.00087
1 86 3.84724
2 75 8
2 75 0.2453
0 87 4.00023
0 87 7.61594
1 87 4.00023
1 87 3.82098
2 75 8
2 75 0.876802
0 88 3
0 88 6.66633
1 88 3
1 88 3.80933
2 75 7
2 75 1.00911
0 89 3.0003
0 89 6.63627
1 89 3.0003
1 89 3.80568
2 75 7
2 75 1.01952
0 90 3
0 90 6.64624
1 90 3
1 90 3.79785
2 75 7
2 75 1.10319
0 91 3
0 91 6.63605
1 91 3
1 91 3.79203
2 75 7
2 75 1.08237
0 92 3
0 92 6.64825
1 92 3
1 92 3.799
2 75 7
2 75 1.07854
0 93 3.0003
0 93 6.6386
1 93 3.0003
1 93 3.78564
2 75 7.00013
2 75 1.04774
0 94 3
0 94 6.61892
1 94 3
1 94 3.78224
2 75 7
2 75 1.05056
0 95 3
0 95 6.52864
1 95 3
1 95 3.73065
2 75 7
2 75 1.12906
0 96 3.0003
0 96 6.58452
1 96 3.0003
1 96 3.77701
2 75 7
2 75 1.05265
0 97 3
0 97 6.62948
1 97 3
1 97 3.78827
2 75 7
2 75 1.15653
0 98 3
0 98 6.62772
1 98 3
1 98 3.78727
2 75 7
2 75 1.15594
0 99 3
0 99 6.64861
1 99 3
1 99 3.79921
2 75 7
2 75 1.1532
0 100 3.0003
0 100 6.57147
1 100 3.0003
1 100 3.74662
2 100 7.00013
2 100 1.14332
0 101 3
0 101 6.60753
1 101 3
1 101 3.77573
2 101 7
2 101 1.15632
0 102 3.0003
0 102 6.73259
1 102 3.0003
1 102 3.8404
2 75 7.00013
2 75 1.16014
0 103 3.0003
0 103 6.72066
1 103 0.0562922
1 103 3.83344
2 75 0.0746598
2 75 1.18712
0 104 3
0 104 6.65369
1 104 3
1 104 3.80211
2 75 7
2 75 1.16265
0 105 3.0003
0 105 6.70156
1 105 3.0003
1 105 3.8223
2 75 7.00013
2 75 1.19515
0 106 3
0 106 6.68906
1 106 0.179471
1 106 3.82232
2 106 0.418766
2 106 1.1944
0 107 3
0 107 6.61651
1 107 0.160531
1 107 3.78086
2 75 0.374572
2 75 1.17893
0 108 3
0 108 6.67984
1 108 3
1 108 3.81705
2 75 7
2 75 1.18682
0 109 3
0 109 6.70014
1 109 3
1 109 3.82865
2 75 7
2 75 1.17764
0 110 3
0 110 6.65587
1 110 3
1 110 3.80335
2 75 7
2 75 1.20523
0 111 3
0 111 6.6853
1 111 0.0649283
1 111 3.82017
2 75 0.1515
2 75 1.20123
0 112 3.0003
0 112 6.74441
1 112 3.0003
1 112 3.8473
2 75 7.00013
2 75 1.17661
0 113 3.0003
0 113 6.75284
1 113 3.0003
1 113 3.85223
2 75 7.00013
2 75 1.17941
0 114 3
0 114 6.73788
1 114 0.0466736
1 114 3.85022
2 75 0.108905
2 75 1.16194
0 115 3
0 115 6.72453
1 115 0.124699
1 115 3.84259
2 75 0.290963
2 75 1.15874
0 116 3.0003
0 116 6.74022
1 116 3.0003
1 116 3.84485
2 75 7.00013
2 75 1.18748
0 117 3
0 117 6.74452
1 117 3
1 117 3.85401
2 75 7
2 75 1.2521
0 118 3.0003
0 118 6.74503
1 118 0.187111
1 118 3.86567
2 75 0.337501
2 75 1.11085
0 119 3
0 119 6.74629
1 101 0.250159
1 101 3.85502
2 75 0.583704
2 75 1.24557
0 120 3
0 120 6.53471
1 120 3
1 120 3.73412
2 75 7
2 75 1.24585
0 121 3
0 121 6.52951
1 121 0.362224
1 121 3.73115
2 75 0.845189
2 75 1.25474
0 122 3
0 122 6.70067
1 122 0.149044
1 122 3.82896
2 75 0.347769
2 75 1.25501
0 123 3
0 123 6.68315
1 123 3
1 123 3.81894
2 75 7
2 75 1.7546
0 124 3
0 124 6.66518
1 124 3
1 124 3.80867
2 75 7
2 75 1.80781
0 125 3
0 125 6.78873
1 125 0.26717
1 125 3.87927
2 75 0.623396
2 75 1.2568
0 126 3
0 126 6.79221
1 126 3
1 126 3.88126
2 75 7
2 75 1.24595
0 127 3
0 127 6.81133
1 127 3
1 127 3.89219
2 75 7
2 75 1.73924
0 128 3
0 128 6.8485
1 128 3
1 128 3.91343
2 75 7
2 75 1.7578
0 129 3
0 129 6.8477
1 129 3
1 129 3.91297
2 75 7
2 75 1.99165
0 130 3
0 130 6.83989
1 130 0.297493
1 130 3.90851
2 75 0.69415
2 75 1.94298
0 131 3
0 131 6.8503
1 131 0.283752
1 131 3.91446
2 75 0.662087
2 75 1.9532
0 132 3
0 132 6.82175
1 132 3
1 132 3.89814
2 75 7
2 75 1.26842
0 133 3
0 133 6.82016
1 133 0.185396
1 133 3.89724
2 75 0.43259
2 75 1.27923
0 134 3
0 134 6.80662
1 134 0.139202
1 134 3.8895
2 75 0.324805
2 75 1.29606
0 135 3
0 135 6.84421
1 135 0.404914
1 135 3.91098
2 75 0.9448
2 75 1.29606
0 136 3
0 136 6.86055
1 136 0.35456
1 136 3.92032
2 75 0.827307
2 75 1.2795
0 137 3
0 137 6.87
1 137 0.225218
1 137 3.92571
2 75 0.525509
2 75 1.27479
0 138 3
0 138 6.88414
1 138 0.135122
1 138 3.93379
2 75 0.315284
2 75 1.26203
0 139 3
0 139 6.88247
1 139 0.0737887
1 139 3.93284
2 75 0.172174
2 75 1.26393
0 140 3
0 140 6.88897
1 140 0.00840494
1 140 3.93655
2 75 0.0196116
2 75 1.23454
0 141 3
0 141 6.89524
1 141 3
1 141 3.94013
2 75 7
2 75 1.2186
0 142 3
0 142 6.91065
1 142 3
1 142 3.94894
2 75 7
2 75 1.24487
0 143 3.0003
0 143 6.92312
1 143 3.0003
1 143 3.95233
2 75 7.00013
2 75 1.23323
0 144 3.0003
0 144 6.90355
1 144 3.0003
1 144 3.94072
2 75 7.00013
2 75 1.23412
0 145 3.0003
0 145 6.87717
1 145 3.0003
1 145 3.92513
2 75 7.00013
2 75 1.22819
0 146 3.0003
0 146 6.89413
1 146 3.0003
1 146 3.93514
2 75 7.00013
2 75 1.22679
0 147 3.0003
0 147 6.88851
1 147 3.0003
1 147 3.93182
2 75 7.00013
2 75 1.22679
0 148 3.0003
0 148 6.8974
1 148 3.0003
1 148 3.93708
2 75 7.00013
2 75 1.2098
0 149 3.0003
0 149 6.9206
1 149 3.0003
1 149 3.95083
2 75 7.00013
2 75 1.21736
0 150 3
0 150 6.91932
1 150 3
1 150 3.9539
2 75 7
2 75 1.23421
0 151 3
0 151 6.93773
1 151 3
1 151 3.96441
2 75 7
2 75 1.22349
0 152 3
0 152 6.93076
1 152 3
1 152 3.96043
2 75 7
2 75 1.22225
0 153 3.0003
0 153 6.9444
1 153 3.0003
1 153 3.96502
2 75 7.00013
2 75 1.19888
0 154 3
0 154 6.92958
1 154 3
1 154 3.95976
2 75 7
2 75 1.19298
0 155 3
0 155 6.92598
1 155 3
1 155 3.9577
2 75 7
2 75 1.19792
0 156 3
0 156 6.87464
1 156 3
1 156 3.92837
2 75 7
2 75 1.53671
0 157 3
0 157 6.89998
1 157 3
1 157 3.94285
2 75 7
2 75 1.52428
0 158 3
0 158 6.82866
1 158 3
1 158 3.90209
2 75 7
2 75 1.5573
0 159 3
0 159 6.76705
1 159 3
1 159 3.86689
2 75 7
2 75 1.52771
0 160 3
0 160 6.74433
1 160 3
1 160 3.8539
2 75 7
2 75 1.605
0 161 4
0 161 7.68924
1 161 4
1 161 3.84462
2 75 8
2 75 1.20309
0 162 4.00023
0 162 7.72483
1 162 4.00023
1 162 3.85678
2 75 8.00011
2 75 1.74603
0 163 4
0 163 7.67374
1 163 4
1 163 3.83687
2 75 8
2 75 1.74116
0 164 4
0 164 7.69074
1 164 4
1 164 3.84537
2 75 8
2 75 1.23284
0 165 4
0 165 7.71804
1 165 4
1 165 3.85902
2 75 8
2 75 1.23696
0 166 4
0 166 7.70676
1 166 4
1 166 3.85338
2 75 8
2 75 1.23696
0 97 4
0 97 7.74138
1 167 4
1 167 3.87069
2 75 8
2 75 1.25258
0 168 4
0 168 7.81065
1 168 4
1 168 3.90532
2 75 8
2 75 1.21789
0 97 4
0 97 7.83284
1 169 4
1 169 3.91642
2 75 8
2 75 1.21823
0 97 4
0 97 7.85261
1 170 4
1 170 3.92631
2 75 8
2 75 1.21823
0 171 4
0 171 7.92801
1 171 4
1 171 3.96401
2 75 8
2 75 1.21823
0 172 4
0 172 7.90002
1 172 4
1 172 3.95001
2 75 8
2 75 1.2167
0 173 4
0 173 7.89412
1 173 4
1 173 3.94706
2 75 8
2 75 1.22422
0 174 4
0 174 7.90203
1 174 4
1 174 3.95101
2 75 8
2 75 1.24416
0 97 4
0 97 7.86774
1 175 4
1 175 3.93387
2 75 8
2 75 1.25091
0 97 4
0 97 7.85135
1 176 4
1 176 3.92567
2 75 8
2 75 1.23875
0 97 4
0 97 7.77674
1 177 0.147514
1 177 3.88837
2 75 0.295028
2 75 1.26653
0 97 4
0 97 7.68955
1 178 0.114477
1 178 3.84477
2 75 0.228954
2 75 1.28757
0 97 4
0 97 7.5094
1 179 1.26209
1 179 3.7547
2 75 2.52418
2 75 1.2892
0 97 4
0 97 7.43918
1 180 1.33273
1 180 3.71959
2 180 2.66547
2 180 2.0412
0 97 4
0 97 7.30202
1 181 1.40105
1 181 3.65101
2 181 2.80211
2 181 2.01613
0 97 4
0 97 7.31292
1 182 2.67035
1 182 3.65646
2 182 5.3407
2 182 1.99136
0 97 4
0 97 7.30977
1 183 2.38563
1 183 3.65489
2 183 4.77126
2 183 1.99136
0 97 4
0 97 7.39438
1 184 2.13292
1 184 3.69719
2 184 4.26583
2 184 1.20424
0 97 4
0 97 7.37916
1 185 3.11902
1 185 3.68958
2 185 6.23803
2 185 1.90897
0 97 4
0 97 7.32241
1 186 2.51585
1 186 3.66121
2 186 5.03169
2 186 1.90897
0 97 4
0 97 6.98891
1 187 2.62424
1 187 3.49445
2 187 5.24847
2 187 1.17032
0 97 4
0 97 6.69643
1 188 1.95363
1 188 3.34821
2 188 3.90727
2 188 1.15047
0 97 4
0 97 6.60615
1 189 1.24354
1 189 3.30308
2 189 2.48709
2 189 1.151
0 97 4.00023
0 97 6.08375
1 190 1.74903
1 190 3.06948
2 190 3.42119
2 190 1.07637
0 97 4.00023
0 97 6.1408
1 191 0.953084
1 191 3.09765
2 75 1.82337
2 75 1.082
0 97 4
0 97 6.22896
1 192 4
1 192 3.11448
2 192 8
2 192 1.16227
0 97 4
0 97 6.34265
1 193 4
1 193 3.17133
2 75 8
2 75 1.157
0 97 4
0 97 6.34892
1 194 4
1 194 3.17446
2 194 8
2 194 1.13324
0 195 4.00023
0 195 6.30291
1 195 4.00023
1 195 3.17764
2 75 8
2 75 1.06836
0 196 4.00023
0 196 6.30091
1 196 4.00023
1 196 3.17665
2 75 8
2 75 1.05783
0 197 4.00087
0 197 6.27951
1 197 4.00087
1 197 3.19138
2 197 8
2 197 1.03334
0 198 3.00116
0 198 5.47099
1 198 3.00116
1 198 3.17826
2 75 7
2 75 1.0182
0 199 3.00116
0 199 5.44107
1 199 3.00116
1 199 3.16161
2 199 7
2 199 1.03054
0 200 3.00116
0 200 5.42979
1 200 3.00116
1 200 3.15533
2 75 7
2 75 1.01961
0 201 3.00116
0 201 5.44386
1 201 3.00116
1 201 3.16316
2 75 7
2 75 1.01889
0 202 3.00116
0 202 5.45513
1 202 3.00116
1 202 3.16944
2 202 0.0321159
2 202 1.02824
0 203 3.0003
0 203 5.47966
1 203 3.0003
1 203 3.15769
2 203 7
2 203 1.04598
0 204 3.0003
0 204 5.48254
1 204 0.149404
1 204 3.11766
2 75 0.405183
2 75 1.10366
0 205 3.00028
0 205 5.5979
1 205 0.0442313
1 205 3.19569
2 75 0.115106
2 75 1.03221
0 206 3.00028
0 206 5.63879
1 206 0.0291693
1 206 3.21909
2 206 0.0799631
2 206 1.3509
0 207 3
0 207 5.73644
1 207 0.0664736
1 207 3.2885
2 75 0.112599
2 75 1.31454
0 208 3
0 208 5.71635
1 208 0.347438
1 208 3.27709
2 75 0.768458
2 75 1.30798
0 209 3
0 209 5.70134
1 209 0.379269
1 209 3.26857
2 75 0.842785
2 75 1.2937
0 210 3.00028
0 210 5.7224
1 210 0.359004
1 210 3.26695
2 75 0.849475
2 75 1.04716
0 211 3.0003
0 211 5.671
1 211 0.48605
1 211 3.26549
2 75 1.036
2 75 1.04418
0 212 3.0003
0 212 5.65105
1 212 0.570192
1 212 3.25426
2 75 1.23279
2 75 1.04909
0 213 3.0003
0 213 5.55694
1 213 0.668338
1 213 3.20125
2 75 1.46244
2 75 1.04909
0 214 3
0 214 5.61885
1 214 0.63811
1 214 3.22173
2 75 1.44738
2 75 1.04909
0 215 3.0003
0 215 5.53335
1 215 0.719846
1 215 3.18795
2 75 1.58301
2 75 1.042
0 216 3
0 216 5.5492
1 216 0.672999
1 216 3.18217
2 216 1.5289
2 216 1.50235
0 217 3.0003
0 217 5.65854
1 217 0.807164
1 217 3.25848
2 217 1.78747
2 217 1.52027
0 218 3.0003
0 218 5.72597
1 218 0.866109
1 218 3.29644
2 218 1.92554
2 218 1.52488
0 97 3.0003
0 97 5.6094
1 219 0.975633
1 219 3.2308
2 219 2.18221
2 219 1.53593
0 97 3.0003
0 97 5.26903
1 220 0.947125
1 220 3.03887
2 220 2.11539
2 220 1.53355
0 97 3.0003
0 97 5.64224
1 221 0.931183
1 221 3.2493
2 221 2.07803
2 221 1.45595
0 222 3.0003
0 222 5.73184
1 222 0.962743
1 222 3.29974
2 222 2.152
2 222 1.03686
0 223 3.0003
0 223 6.06456
1 223 1.29137
1 223 3.4867
2 223 2.92306
2 223 1.03686
0 97 3.0003
0 97 6.09475
1 224 1.43814
1 224 3.50362
2 224 3.26793
2 224 1.49906
0 97 3.0003
0 97 6.35383
1 225 1.43194
1 225 3.6486
2 225 3.25335
2 225 1.0484
0 226 3.0003
0 226 6.40933
1 226 1.46223
1 226 3.67957
2 226 3.32457
2 226 1.0431
0 97 3
0 97 6.65483
1 227 2.17291
1 227 3.80276
2 75 5.07013
2 75 1.05713
0 97 3.0003
0 97 6.50275
1 228 2.51424
1 228 3.73159
2 75 5.81125
2 75 1.55087
0 97 3
0 97 6.52281
1 229 2.56255
1 229 3.72732
2 229 5.97928
2 229 1.17729
0 97 3
0 97 6.56413
1 230 2.60291
1 230 3.75093
2 229 6.07345
2 229 1.18327
0 231 3
0 231 6.59883
1 231 2.08352
1 231 3.77076
2 229 4.86154
2 229 1.18323
0 232 3
0 232 6.71906
1 232 2.79614
1 232 3.83946
2 229 6.52433
2 229 1.16994
0 232 3
0 232 6.82497
1 233 2.81879
1 233 3.89998
2 229 6.57718
2 229 1.16935
0 232 3
0 232 6.79174
1 234 2.86714
1 234 3.88099
2 229 6.69
2 229 1.16935
0 232 3
0 232 6.80744
1 235 2.86903
1 235 3.88996
2 229 6.6944
2 229 1.15822
0 232 3
0 232 6.85238
1 236 2.90112
1 236 3.91565
2 229 6.76927
2 229 1.17171
0 232 3
0 232 6.86728
1 237 2.93389
1 237 3.92416
2 229 6.84573
2 229 1.17155
0 232 3
0 232 6.86785
1 238 2.93713
1 238 3.92449
2 229 6.8533
2 229 1.16205
0 232 3
0 232 6.89077
1 239 2.96024
1 239 3.93758
2 229 6.90722
2 229 1.17172
0 232 3.0003
0 232 6.92622
1 240 2.95513
1 240 3.96399
2 229 6.87676
2 229 1.39823
0 232 3.0003
0 232 6.92455
1 241 2.96046
1 241 3.96311
2 229 6.89023
2 229 1.3832
0 232 3.0003
0 232 6.9229
1 242 2.97046
1 242 3.96224
2 229 6.91572
2 229 1.38131
0 232 3.0003
0 232 6.91659
1 243 2.96957
1 243 3.95888
2 229 6.91344
2 229 1.38131
0 232 3.0003
0 232 6.91326
1 244 2.96875
1 244 3.95711
2 229 6.91133
2 229 1.37274
0 232 3.0003
0 232 6.90858
1 245 2.97108
1 245 3.95461
2 229 6.91733
2 229 1.37654
0 232 3.0003
0 232 6.90332
1 246 2.96804
1 246 3.9518
2 229 6.90954
2 229 1.367
0 232 3.0003
0 232 6.8796
1 247 2.94871
1 247 3.93905
2 229 6.86064
2 229 1.37379
0 232 3.0003
0 232 6.90469
1 248 2.9234
1 248 3.95253
2 229 6.79758
2 229 1.37311
0 232 3.0003
0 232 6.90148
1 249 2.91198
1 249 3.95081
2 229 6.76937
2 229 1.37311
