1 10 1.44757
1 11 1.76763
1 12 2.26043
1 13 0.0433044
1 14 0.167732
1 15 1.60156
1 16 0.167969
1 17 0.0885391
1 18 0.0690079
1 19 0.0386276
1 20 0.0668411
1 21 0.098526
1 22 0.0993958
1 23 0.0338516
1 24 1.88814
1 25 5.35948
1 26 1.41579
1 27 2.4603
1 28 3.47481
1 29 3.16077
1 30 0.180603
1 31 0.503906
1 32 4.0421
1 33 2.38976
1 34 5.73438
1 35 1.9553
1 36 1.84592
1 37 4.22527
1 38 5.9796
1 39 1.33376
1 40 0.841148
1 41 4.07031
1 42 0.747833
1 43 0.986549
1 44 1.25694
1 45 1.21354
1 46 0.380203
1 47 0.985237
1 48 2.24133
0 49 4.40942
1 49 0.0364609
0 50 3.80997
1 50 0.259979
0 51 1.69937
1 51 1.03777
0 52 0.364243
1 52 0.723091
0 53 0.0778809
1 53 0.151909
0 54 0.992798
1 54 0.240448
0 55 0.475761
1 55 0.0611954
0 56 0.0135269
1 56 0.0195312
0 57 0.635574
1 57 0.15451
0 58 0.780678
1 58 0.0394974
0 59 1.04922
1 59 0.161888
0 60 1.37077
1 60 0.0850677
0 61 1.42316
1 61 0.472221
0 62 0.898674
1 62 0.63195
0 63 0.457741
1 63 3.45876
0 64 1.80233
1 64 0.511284
2 64 0.0811691
0 65 0.1073
1 65 0.450958
2 65 1.82336
0 66 1.97342
1 66 0.888451
2 66 1.41623
0 67 1.92901
1 67 1.13542
2 67 0.973961
0 68 0.912369
1 68 1.02387
2 68 0.74305
0 69 2.31699
1 69 0.377602
2 69 0.667099
0 70 0.860985
1 70 0.104599
2 70 4.82378
0 71 1.44557
1 71 0.0416718
2 71 5.89453
0 72 4.03541
1 72 2.59115
2 72 0.151909
0 73 1.15083
1 73 0.0776901
2 73 0.315971
0 74 0.473274
1 74 0.0585938
2 74 0.148003
0 75 1.17342
1 75 0.00216675
2 75 2.27951
0 76 1.44399
1 76 0.349396
2 76 1.55078
0 77 3.50527
1 77 0.820747
2 77 1.91492
0 78 2.64236
1 78 1.2717
2 78 0.0499191
0 79 2.91711
1 79 1.49566
2 79 3.54253
0 80 0.881088
1 80 0.896706
2 80 0.364578
0 81 0.278633
1 81 0.679253
2 81 0.0915833
0 82 10.7718
1 82 8.97527
2 82 0.486115
0 83 6.21947
1 83 1.5658
2 83 0.0894165
0 84 4.6909
1 84 0.121193
2 84 0.608948
0 85 1.65849
1 85 1.32528
2 85 0.0117188
0 86 5.0638
1 86 1.82767
2 86 0.0447006
0 87 12.645
1 87 6.23939
2 87 0.006073
0 88 5.65518
1 88 1.74493
2 88 0.0685806
0 89 0.300583
1 89 0.503784
2 89 0.854172
0 90 0.261292
1 90 1.35317
2 90 0
0 91 0.34201
1 91 1.32726
2 91 0.0802917
0 92 0.692276
1 92 0.994354
2 92 0.0243073
0 93 0.0839081
1 93 0.219543
2 93 0.42231
0 94 1.3996
1 94 0.514397
2 94 0.241318
0 95 0.997833
1 95 1.22309
2 95 0.353294
0 96 0.841583
1 96 2.43036
2 96 0.487846
0 97 0.796371
1 97 2.25545
2 97 1.14236
0 98 0.0391312
1 98 0.0464401
2 98 0.203995
0 99 0.699387
1 99 0.00998688
2 99 0.0512161
0 100 1.49294
1 100 0.0238647
2 100 0.482643
0 101 1.67873
1 101 0.0173645
2 101 1.05772
0 102 1.27432
1 102 1.8967
2 102 2.40321
0 103 0.225319
1 103 0.0460129
2 103 0.4375
0 104 0.62677
1 104 1.59766
2 104 0.571182
0 105 0.344391
1 105 2.20616
2 105 0.661026
0 106 2.13807
1 106 1.93099
2 106 0.424477
0 107 0.226128
1 107 0.12326
2 107 1.33334
0 108 0.385849
1 108 0.183159
2 108 1.11805
0 109 0.127602
1 109 0.000862122
2 109 0.861107
0 110 0.294273
1 110 0.0490494
2 110 0.122833
0 111 0.197922
1 111 0.051651
2 111 0.0364609
0 112 0.20771
1 112 0.253471
2 112 0.411461
0 113 1.09122
1 113 0.457031
2 113 0.129776
0 114 1.17263
1 114 0.259117
2 114 0.0125885
0 115 0.0260468
1 115 0.00650787
2 115 0.0169296
0 116 0.368568
1 116 0.26606
2 116 2.07205
0 117 0.0474548
1 117 1.4171
2 117 0.0282135
0 118 0.911232
1 118 0.96888
2 118 0.180557
0 119 0.571182
1 119 4.22626
2 119 0.0273438
0 120 1.42318
1 120 0.0030365
2 120 0.355469
0 121 0.614586
1 121 3.66537
2 121 0.191406
0 122 0.0464401
1 122 0
2 122 0.246094
0 123 1.22092
1 123 2.01823
2 123 0.0355988
0 124 0.345924
1 124 1.56337
2 124 0.472229
0 125 0.748695
1 125 7.37717
2 125 2.14757
0 126 0.051651
1 126 2.39626
2 126 0.262589
0 127 0.0494766
1 127 3.27084
2 127 0.37413
0 128 0.35894
1 128 0.371964
2 128 0.299042
0 129 0.0273438
1 129 0.00737762
2 129 0.016922
0 130 0.228729
1 130 1.84071
2 130 0.539932
0 131 0.289497
1 131 0.154518
2 131 0.80426
0 132 0.0555496
1 132 4.30209
2 132 0.674042
0 133 0.815544
1 133 0.0473099
2 133 0.110245
0 134 0.0794296
1 134 0.042099
2 134 2.2756
0 135 0.682289
1 135 0
2 135 0.201828
0 136 0.201828
1 136 0.00434113
2 136 0.161453
0 137 0.360245
1 137 0.270401
2 137 0.0993958
0 138 0.133247
1 138 0.338104
2 138 0.355026
0 139 0.526047
1 139 1.55556
2 139 0.15625
0 140 0.111977
1 140 1.95009
2 140 0.543411
0 141 0.453285
1 141 1.78851
2 141 0.00346375
0 142 1.45196
1 142 1.42566
2 142 0.46701
0 143 0.269539
1 143 0.0403595
2 143 1.50999
0 144 0.78717
1 144 0.263016
2 144 0.346344
0 145 0.256973
1 145 0
2 145 0.114151
0 146 2.84423
1 146 0
2 146 0.0989685
0 147 1.11912
1 147 0
2 147 0.149307
0 148 1.49021
1 148 0.0694427
2 148 0.127167
0 149 0.765511
1 149 0.123695
2 149 0.0868073
0 150 0.345421
1 150 0.00216675
2 150 0.281693
0 151 0.0156403
1 151 0.0742188
2 151 0.175781
0 152 0.224411
1 152 0.128036
2 152 0.223526
0 153 0.292221
1 153 0.134117
2 153 1.22482
0 154 0.258125
1 154 0.244789
2 154 0.15538
0 155 0.905869
1 155 0.000434875
2 155 0.638458
0 156 0.161568
1 156 1.73134
2 156 1.06989
0 157 0.428146
1 157 0.293404
2 157 1.26476
0 158 0.848122
1 158 0.280815
2 158 1.03558
0 159 1.03342
1 159 0.000434875
2 159 0.97049
0 160 0.966583
1 160 0.0169296
2 160 2.26085
0 161 0.0277786
1 161 2.07031
2 161 1.64192
0 162 0.213158
1 162 2.0256
2 162 0.910583
0 163 0.226616
1 163 0.00216675
2 163 0.228729
0 164 0.330292
1 164 2.09288
2 164 0.063797
0 165 0.000869751
1 165 0.130638
2 165 0.391495
0 166 0.737411
1 166 0
2 166 0.192719
0 167 1.84766
1 167 0.130646
2 167 1.14757
0 168 1.74262
1 168 0.339844
2 168 0.326385
0 169 0.287758
1 169 1.9809
2 169 0.174042
0 170 1.19358
1 170 0
2 170 0.441406
0 171 0.480034
1 171 0
2 171 1.20355
0 172 1.78125
1 172 0.120224
2 172 1.25043
0 173 0.338539
1 173 1.99826
2 173 1.5013
0 174 1.06901
1 174 0.0368958
2 174 1.36546
0 175 0.127602
1 175 1.98351
2 175 1.86848
0 176 0.220924
1 176 1.90191
2 176 0.596359
0 177 0.274734
1 177 2.0651
2 177 3.33941
0 178 0.0694427
1 178 0.240883
2 178 0.728294
0 179 0.587677
1 179 1.97961
2 179 1.63499
0 180 1.81076
1 180 2.08116
2 180 2.49739
0 181 1.19575
1 181 0.0078125
2 181 2.2309
0 182 0.0173569
1 182 0.0321198
2 182 0.361115
0 183 1.00781
1 183 0
2 183 3.1046
0 184 0.572914
1 184 1.97179
2 184 0.378036
0 185 0.274307
1 185 1.88672
2 185 0.293831
0 186 0.557732
1 186 0.00217438
2 186 6.08767
0 187 2.75652
1 187 1.96962
2 187 2.13933
0 188 0.532982
1 188 0.00390625
2 188 2.8572
0 189 0.338982
1 189 0.0208359
2 189 4.34896
0 190 0.669701
1 190 0.682213
2 190 0.525612
0 191 0.529945
1 191 0.41626
2 191 3.69141
0 192 0.393669
1 192 1.7985
2 192 5.08941
0 193 0.320747
1 193 0.115448
2 193 0.748695
0 194 0.0295181
1 194 0.0789948
2 194 1.00347
0 195 0.28212
1 195 2.32362
2 195 0.137589
0 196 0.695312
1 196 0.442863
2 196 0.490448
0 197 0.603294
1 197 0.0228806
2 197 2.52691
0 198 0.137589
1 198 0.0924149
2 198 0.591576
0 199 0.0221405
1 199 0.224403
2 199 1.11155
0 200 1.12066
1 200 1.5308
2 200 0.944443
0 201 1.97483
1 201 1.9664
2 201 0.174477
0 202 1.62605
1 202 0.325996
2 202 0.404953
0 203 0.597839
1 203 0.39341
2 203 0.0347214
0 204 0.566757
1 204 2.21564
2 204 1.4744
0 205 1.25809
1 205 1.38557
2 205 0.181854
0 206 0.0487976
1 206 1.91254
2 206 0.194878
0 207 0.310509
1 207 0.0766296
2 207 0.355904
0 208 0.309036
1 208 0
2 208 0.411888
0 209 1.08529
1 209 0.00374603
2 209 0.0217056
0 210 3.81135
1 210 2.1187
2 210 0.934464
0 211 3.25037
1 211 0.372063
2 211 0.201393
0 212 2.99262
1 212 0.315842
2 212 1.48438
0 213 1.65582
1 213 0
2 213 0.305557
0 214 2.85588
1 214 0
2 214 1.00651
0 215 1.17558
1 215 0.31987
2 215 0.768669
0 216 0.843155
1 216 1.82965
2 216 0.220482
0 217 2.51947
1 217 0.0304108
2 217 0.76606
0 218 0.661453
1 218 0
2 218 0.269531
0 219 0.903214
1 219 0
2 219 0.980034
0 220 0.175781
1 220 0.00250244
2 220 0.0746536
0 221 0.381081
1 221 0.0812149
2 221 1.84158
0 222 2.09505
1 222 1.88505
2 222 2.69445
0 223 3.44401
1 223 0
2 223 5.66363
0 224 0.819016
1 224 2.06872
2 224 4.78125
0 225 0.991325
1 225 1.63182
2 225 2.89106
0 226 1.20226
1 226 0
2 226 3.25434
0 227 0.844185
1 227 0.380455
2 227 2.79774
0 228 1.3954
1 228 2.37754
2 228 1.82899
0 229 2.53212
1 229 1.83723
2 229 1.62413
0 230 1.1302
1 230 0
2 230 1.60026
0 231 0.203125
1 231 0
2 231 1.4974
0 232 4.53993
1 232 0
2 232 2.88194
0 233 0.142799
1 233 0
2 233 1.09592
0 234 0.806419
1 234 0
2 234 1.47308
0 235 0.503906
1 235 0
2 235 1.40842
0 236 1.07683
1 236 0.327629
2 236 1.70573
0 237 1.84114
1 237 0.344208
2 237 1.50044
0 238 0.615891
1 238 0.00467682
2 238 0.445312
0 239 0.8368
1 239 0
2 239 0.823349
0 240 0.624565
1 240 3.91802
2 240 1.38454
0 241 0.22049
1 241 1.92795
2 241 0.0625
0 242 1.01389
1 242 0
2 242 0.233063
0 243 0.00608063
1 243 0
2 243 0.18663
0 244 0.148003
1 244 1.95544
2 244 0.503906
0 245 0.377174
1 245 0.0308228
2 245 0.578568
0 246 0.772568
1 246 0
2 246 0.128464
0 247 2.20963
1 247 2.04915
2 247 0.620667
0 248 1.68924
1 248 0.000839233
2 248 0.0581512
0 249 1.38368
1 249 0
2 249 0.953125
