1 10 107.311
1 11 109.078
1 12 106.818
1 13 106.861
1 14 106.694
1 15 105.092
1 16 105.26
1 17 105.171
1 18 105.24
1 19 105.202
1 20 105.135
1 21 105.234
1 22 105.333
1 23 105.367
1 24 107.255
1 25 101.895
1 26 103.311
1 27 100.851
1 28 97.3761
1 29 94.2153
1 30 94.0347
1 31 93.5308
1 32 97.5729
1 33 99.9627
1 34 105.697
1 35 103.742
1 36 101.896
1 37 97.6706
1 38 91.691
1 39 90.3572
1 40 89.5161
1 41 85.4457
1 42 84.6979
1 43 85.6845
1 44 86.9414
1 45 88.1549
1 46 87.7747
1 47 88.76
1 48 91.0013
0 49 97.4804
1 49 90.9648
0 50 93.6704
1 50 90.7049
0 51 91.971
1 51 89.6671
0 52 92.3353
1 52 88.944
0 53 92.4132
1 53 88.7921
0 54 93.406
1 54 88.5517
0 55 92.9302
1 55 88.6128
0 56 92.9167
1 56 88.5933
0 57 92.2811
1 57 88.4388
0 58 91.5004
1 58 88.4783
0 59 90.4512
1 59 88.6402
0 60 89.0804
1 60 88.7253
0 61 87.6573
1 61 89.1975
0 62 86.7586
1 62 89.8294
0 63 86.3008
1 63 93.2882
0 64 88.1032
1 64 93.7995
2 64 121.724
0 65 88.2105
1 65 94.2504
2 65 119.901
0 66 90.1839
1 66 95.1389
2 66 118.485
0 67 92.1129
1 67 96.2743
2 67 119.459
0 68 93.0253
1 68 97.2982
2 68 120.202
0 69 95.3423
1 69 97.6758
2 69 119.535
0 70 96.2032
1 70 97.5712
2 70 114.711
0 71 97.6488
1 71 97.5295
2 71 120.605
0 72 101.684
1 72 100.121
2 72 120.454
0 73 102.835
1 73 100.043
2 73 120.77
0 74 102.362
1 74 100.102
2 74 120.918
0 75 103.535
1 75 100.104
2 75 118.638
0 76 102.091
1 76 100.453
2 76 120.189
0 77 98.5859
1 77 101.274
2 77 122.104
0 78 95.9436
1 78 102.546
2 78 122.154
0 79 98.8607
1 79 104.041
2 79 125.696
0 80 97.9796
1 80 104.938
2 80 126.061
0 81 97.701
1 81 104.259
2 81 126.152
0 82 108.473
1 82 95.2834
2 82 126.638
0 83 114.692
1 83 93.7176
2 83 126.549
0 84 119.383
1 84 93.8388
2 84 127.158
0 85 121.042
1 85 92.5135
2 85 127.146
0 86 115.978
1 86 94.3412
2 86 127.191
0 87 103.333
1 87 100.581
2 87 127.185
0 88 97.6777
1 88 102.326
2 88 127.116
0 89 97.9783
1 89 101.822
2 89 127.97
0 90 97.717
1 90 103.175
2 90 127.97
0 91 97.375
1 91 104.502
2 91 128.051
0 92 98.0673
1 92 103.508
2 92 128.026
0 93 98.1512
1 93 103.288
2 93 127.604
0 94 99.5508
1 94 102.774
2 94 127.363
0 95 98.5529
1 95 103.997
2 95 127.01
0 96 99.3945
1 96 106.427
2 96 127.497
0 97 100.191
1 97 104.172
2 97 126.355
0 98 100.23
1 98 104.125
2 98 126.559
0 99 100.929
1 99 104.115
2 99 126.61
0 100 99.4365
1 100 104.092
2 100 126.128
0 101 101.115
1 101 104.074
2 101 125.07
0 102 99.8409
1 102 105.971
2 102 127.473
0 103 99.6156
1 103 106.017
2 103 127.036
0 104 100.242
1 104 104.419
2 104 126.464
0 105 99.898
1 105 106.625
2 105 125.803
0 106 102.036
1 106 104.694
2 106 125.379
0 107 102.262
1 107 104.571
2 107 126.712
0 108 101.876
1 108 104.388
2 108 127.83
0 109 102.004
1 109 104.389
2 109 126.969
0 110 102.298
1 110 104.438
2 110 126.846
0 111 102.1
1 111 104.386
2 111 126.883
0 112 101.893
1 112 104.133
2 112 126.471
0 113 100.801
1 113 104.59
2 113 126.601
0 114 101.974
1 114 104.331
2 114 126.614
0 115 101.948
1 115 104.324
2 115 126.597
0 116 101.579
1 116 104.59
2 116 128.669
0 117 101.532
1 117 106.007
2 117 128.697
0 118 100.621
1 118 106.976
2 118 128.878
0 119 101.192
1 119 102.75
2 119 128.905
0 120 99.7687
1 120 102.753
2 120 128.549
0 121 100.383
1 121 106.418
2 121 128.358
0 122 100.337
1 122 106.418
2 122 128.604
0 123 99.1159
1 123 108.437
2 123 128.569
0 124 99.4618
1 124 110
2 124 129.041
0 125 100.211
1 125 102.623
2 125 131.188
0 126 100.159
1 126 105.019
2 126 131.451
0 127 100.109
1 127 108.29
2 127 131.825
0 128 99.7504
1 128 108.662
2 128 132.124
0 129 99.7778
1 129 108.669
2 129 132.107
0 130 100.007
1 130 110.51
2 130 132.647
0 131 99.717
1 131 110.664
2 131 131.843
0 132 99.6615
1 132 106.362
2 132 132.517
0 133 98.8459
1 133 106.41
2 133 132.627
0 134 98.9253
1 134 106.452
2 134 134.903
0 135 99.6076
1 135 106.452
2 135 135.105
0 136 99.8095
1 136 106.456
2 136 134.943
0 137 100.17
1 137 106.727
2 137 135.043
0 138 100.036
1 138 106.388
2 138 135.398
0 139 99.5104
1 139 104.833
2 139 135.554
0 140 99.3984
1 140 106.783
2 140 136.097
0 141 98.9452
1 141 104.994
2 141 136.101
0 142 97.4932
1 142 106.42
2 142 136.568
0 143 97.2237
1 143 106.38
2 143 138.078
0 144 98.0108
1 144 106.643
2 144 138.424
0 145 97.7539
1 145 106.643
2 145 138.31
0 146 100.598
1 146 106.643
2 146 138.409
0 147 101.717
1 147 106.643
2 147 138.26
0 148 103.207
1 148 106.573
2 148 138.387
0 149 102.442
1 149 106.45
2 149 138.3
0 150 102.787
1 150 106.452
2 150 138.582
0 151 102.772
1 151 106.526
2 151 138.406
0 152 102.996
1 152 106.398
2 152 138.182
0 153 102.704
1 153 106.264
2 153 139.407
0 154 102.446
1 154 106.019
2 154 139.252
0 155 103.352
1 155 106.02
2 155 138.613
0 156 103.513
1 156 107.751
2 156 137.543
0 157 103.085
1 157 107.457
2 157 136.279
0 158 103.933
1 158 107.738
2 158 135.243
0 159 102.9
1 159 107.738
2 159 134.273
0 160 101.933
1 160 107.755
2 160 132.012
0 161 101.961
1 161 105.684
2 161 130.37
0 162 102.174
1 162 107.71
2 162 131.28
0 163 101.947
1 163 107.708
2 163 131.052
0 164 101.617
1 164 105.615
2 164 130.988
0 165 101.618
1 165 105.746
2 165 130.596
0 166 102.355
1 166 105.746
2 166 130.404
0 167 100.508
1 167 105.876
2 167 129.256
0 168 98.7652
1 168 106.216
2 168 128.93
0 169 99.0529
1 169 104.235
2 169 128.756
0 170 100.247
1 170 104.235
2 170 128.314
0 171 99.7665
1 171 104.235
2 171 129.518
0 172 97.9852
1 172 104.355
2 172 128.267
0 173 98.3238
1 173 106.354
2 173 126.766
0 174 97.2548
1 174 106.391
2 174 125.401
0 175 97.3824
1 175 104.407
2 175 123.532
0 176 97.6033
1 176 102.505
2 176 122.936
0 177 97.878
1 177 104.57
2 177 119.596
0 178 97.9475
1 178 104.811
2 178 118.868
0 179 98.5352
1 179 106.791
2 179 117.233
0 180 100.346
1 180 108.872
2 180 114.736
0 181 101.542
1 181 108.864
2 181 116.967
0 182 101.524
1 182 108.896
2 182 116.605
0 183 102.532
1 183 108.896
2 183 113.501
0 184 103.105
1 184 106.924
2 184 113.123
0 185 102.831
1 185 108.811
2 185 113.417
0 186 103.388
1 186 108.813
2 186 107.329
0 187 100.632
1 187 106.844
2 187 105.19
0 188 100.099
1 188 106.84
2 188 102.332
0 189 99.76
1 189 106.819
2 189 97.9835
0 190 99.0903
1 190 107.501
2 190 98.5091
0 191 98.5603
1 191 107.085
2 191 94.8177
0 192 98.1667
1 192 105.286
2 192 89.7283
0 193 97.8459
1 193 105.402
2 193 90.477
0 194 97.8754
1 194 105.323
2 194 91.4805
0 195 97.5933
1 195 107.647
2 195 91.3429
0 196 96.898
1 196 107.204
2 196 90.8524
0 197 96.2947
1 197 107.181
2 197 88.3255
0 198 96.1571
1 198 107.273
2 198 88.9171
0 199 96.135
1 199 107.049
2 199 90.0286
0 200 95.0143
1 200 108.58
2 200 90.9731
0 201 96.9892
1 201 106.613
2 201 90.7986
0 202 95.3631
1 202 106.287
2 202 90.3937
0 203 95.9609
1 203 105.894
2 203 90.3589
0 204 96.5277
1 204 103.678
2 204 91.8333
0 205 95.2696
1 205 105.064
2 205 92.0152
0 206 95.3184
1 206 106.976
2 206 91.8203
0 207 95.6289
1 207 106.9
2 207 92.1762
0 208 95.9379
1 208 106.9
2 208 92.5881
0 209 94.8527
1 209 106.903
2 209 92.6098
0 210 98.664
1 210 104.785
2 210 93.5443
0 211 95.4136
1 211 105.157
2 211 93.3429
0 212 98.4062
1 212 104.841
2 212 94.8273
0 213 100.062
1 213 104.841
2 213 95.1328
0 214 102.918
1 214 104.841
2 214 96.1393
0 215 104.094
1 215 105.161
2 215 96.908
0 216 104.937
1 216 106.99
2 216 97.1285
0 217 107.456
1 217 107.021
2 217 97.8945
0 218 106.795
1 218 107.021
2 218 98.1641
0 219 105.891
1 219 107.021
2 219 97.184
0 220 106.067
1 220 107.018
2 220 97.1094
0 221 105.686
1 221 106.937
2 221 95.2678
0 222 107.781
1 222 105.052
2 222 97.9622
0 223 111.225
1 223 105.052
2 223 103.626
0 224 112.044
1 224 107.121
2 224 108.407
0 225 111.053
1 225 105.489
2 225 111.298
0 226 112.255
1 226 105.489
2 226 114.553
0 227 111.411
1 227 105.109
2 227 117.35
0 228 112.806
1 228 107.486
2 228 119.179
0 229 110.274
1 229 105.649
2 229 117.555
0 230 111.405
1 230 105.649
2 230 119.155
0 231 111.201
1 231 105.649
2 231 120.653
0 232 115.741
1 232 105.649
2 232 123.535
0 233 115.884
1 233 105.649
2 233 124.631
0 234 116.691
1 234 105.649
2 234 126.104
0 235 117.194
1 235 105.649
2 235 127.512
0 236 118.271
1 236 105.321
2 236 129.218
0 237 120.112
1 237 105.665
2 237 130.718
0 238 120.728
1 238 105.67
2 238 131.164
0 239 121.565
1 239 105.67
2 239 131.987
0 240 122.19
1 240 109.588
2 240 133.372
0 241 122.41
1 241 107.66
2 241 133.434
0 242 123.424
1 242 107.66
2 242 133.201
0 243 123.43
1 243 107.66
2 243 133.014
0 244 123.282
1 244 109.616
2 244 132.51
0 245 122.905
1 245 109.585
2 245 131.932
0 246 122.132
1 246 109.585
2 246 131.803
0 247 119.923
1 247 107.536
2 247 131.183
0 248 118.234
1 248 107.536
2 248 131.125
0 249 116.85
1 249 107.536
2 249 130.171
