0 48 0
0 49 0
0 50 1
0 51 1
0 52 1
0 53 1
0 54 1
0 55 1
0 56 1
0 57 1
0 58 1
0 59 0
0 60 1.41421
0 61 0
0 62 1.41421
0 63 0
0 64 1.41421
0 65 0
0 66 1.41421
0 67 0
0 68 1
0 69 1
0 70 1
0 71 1
0 72 1
0 73 1
0 74 1
0 75 1
0 76 1
0 77 1.41421
0 78 1
0 79 3.16228
0 80 0
0 81 2.23607
0 82 2
0 83 2
0 84 2.23607
0 85 1.41421
0 86 2
0 87 3
0 88 1.41421
0 89 2
0 90 2
0 91 1
0 92 4
0 93 1
0 94 2.23607
0 95 1.41421
0 96 3
0 97 2.23607
0 98 0
0 99 3.16228
0 100 1
0 101 2.23607
0 102 1.41421
0 103 2
0 104 0
0 105 0
0 106 1.41421
0 107 0
0 108 1.41421
0 109 0
0 110 0
0 111 1
0 112 2
0 113 1
0 114 0
0 115 1
0 116 1
0 117 1
0 118 1
0 119 1.41421
0 120 1.41421
0 121 1.41421
0 122 2.23607
0 123 1.41421
0 124 0
0 125 1.41421
0 126 1
0 127 0
0 128 1
0 129 1
0 130 1
0 131 1
0 132 2
0 133 1.41421
0 134 0
0 135 2.23607
0 136 0
0 137 1
0 138 0
0 139 0
0 140 1
0 141 1
0 142 2
0 143 1.41421
0 144 1
0 145 1
0 146 2.23607
0 147 0
0 148 1
0 149 1
0 150 0
0 151 2
0 152 1
0 153 2
0 154 1.41421
0 155 2.23607
0 156 2
0 157 4.12311
0 158 2.23607
0 159 2.23607
0 160 1.41421
0 161 2.23607
0 162 3.16228
0 163 1
0 164 4
0 165 0
0 166 1.41421
0 167 4.12311
0 168 3.16228
0 169 1
0 170 1
0 171 1.41421
0 172 3
0 173 0
0 174 3.16228
0 175 1
0 176 1
0 177 1
0 178 1
0 179 1
0 180 1
0 181 1
0 182 1
0 183 1
0 184 1
0 185 1
0 186 1
0 187 1
0 188 1
0 189 1
0 190 1
0 191 1
0 192 1
0 193 1
0 194 1
0 195 2
0 196 1.41421
0 197 2.23607
0 198 1
0 199 2
0 200 1.41421
0 201 2.23607
0 202 3.16228
0 203 1
0 204 1
0 205 2.23607
0 206 1
0 207 2.23607
0 208 1
0 209 2
0 210 2.23607
0 211 2
0 212 1
0 213 1
0 214 0
0 215 1
0 216 1
0 217 1
0 218 1
0 219 1
0 220 1
0 221 1
0 222 1
0 223 1.41421
0 224 1.41421
0 225 1
0 226 0
0 227 1
0 228 0
0 229 1.41421
0 230 0
0 231 1
0 232 1.41421
0 233 0
0 234 0
0 235 0
0 236 0
0 237 0
0 238 0
0 239 0
0 240 0
0 241 0
0 242 0
0 243 0
0 244 0
0 245 0
0 246 0
0 247 0
0 248 0
0 249 0
1 9 0
1 10 1
1 11 1
1 12 1
1 13 0
1 14 1
1 15 1.41421
1 16 1
1 17 0
1 18 0
1 19 0
1 20 1
1 21 0
1 22 0
1 23 0
1 24 0
1 25 2.23607
1 26 1
1 27 2.82843
1 28 2.23607
1 29 2.23607
1 30 2.23607
1 31 2.23607
1 32 7.07107
1 33 2
1 34 3.16228
1 35 0
1 36 0
1 37 0
1 38 1.41421
1 39 0
1 40 0
1 41 1.41421
1 42 2.23607
1 43 1.41421
1 44 1
1 45 1
1 46 0
1 47 1.41421
1 48 1
1 49 0
1 50 0
1 51 0
1 52 0
1 53 0
1 54 0
1 55 0
1 56 0
1 57 0
1 58 0
1 59 0
1 60 0
1 61 0
1 62 0
1 63 1.41421
1 64 0
1 65 0
1 66 0
1 67 0
1 68 0
1 69 0
1 70 0
1 71 0
1 72 1
1 73 0
1 74 0
1 75 0
1 76 0
1 77 0
1 78 0
1 79 0
1 80 0
1 81 1
1 82 5.09902
1 83 3
1 84 2
1 85 4
1 86 1.41421
1 87 4.12311
1 88 2
1 89 1
1 90 2
1 91 1.41421
1 92 1
1 93 0
1 94 0
1 95 1.41421
1 96 1
1 97 0
1 98 0
1 99 0
1 100 0
1 101 0
1 102 1
1 103 0
1 104 1
1 105 1
1 106 1
1 107 0
1 108 0
1 109 0
1 110 0
1 111 0
1 112 0
1 113 0
1 114 0
1 115 0
1 116 1
1 117 1
1 118 2
1 119 1.41421
1 120 1
1 121 2.23607
1 122 0
1 123 1
1 124 1.41421
1 125 4.12311
1 126 1.41421
1 127 2.82843
1 128 0
1 129 0
1 130 1
1 131 1
1 132 2.23607
1 133 0
1 134 0
1 135 0
1 136 0
1 137 1
1 138 1
1 139 1.41421
1 140 1
1 141 1
1 142 1.41421
1 143 0
1 144 1
1 145 0
1 146 0
1 147 0
1 148 0
1 149 0
1 150 0
1 151 0
1 152 0
1 153 0
1 154 0
1 155 0
1 156 1.41421
1 157 0
1 158 0
1 159 0
1 160 0
1 161 1
1 162 1
1 163 0
1 164 1.41421
1 165 1
1 166 0
1 167 0
1 168 0
1 169 1
1 170 0
1 171 0
1 172 0
1 173 1
1 174 0
1 175 1
1 176 1
1 177 1
1 178 0
1 179 1
1 180 1
1 181 0
1 182 0
1 183 0
1 184 1
1 185 1
1 186 0
1 187 1
1 188 0
1 189 0
1 190 1.41421
1 191 1
1 192 1
1 193 0
1 194 0
1 195 1
1 196 0
1 197 2
1 198 1
1 199 0
1 200 1.41421
1 201 1
1 202 0
1 203 1
1 204 1
1 205 1
1 206 1
1 207 0
1 208 0
1 209 0
1 210 1
1 211 1
1 212 1
1 213 0
1 214 0
1 215 1
1 216 1.41421
1 217 0
1 218 0
1 219 0
1 220 0
1 221 0
1 222 1
1 223 0
1 224 1
1 225 1.41421
1 226 0
1 227 1.41421
1 228 0
1 229 0
1 230 0
1 231 0
1 232 0
1 233 0
1 234 0
1 235 0
1 236 0
1 237 0
1 238 0
1 239 0
1 240 1
1 241 1
1 242 0
1 243 0
1 244 1
1 245 0
1 246 0
1 247 1
1 248 0
1 249 0
2 63 0
2 64 0
2 65 1
2 66 1
2 67 1
2 68 0
2 69 0
2 70 2.23607
2 71 2.23607
2 72 1
2 73 0
2 74 0
2 75 1
2 76 1
2 77 0
2 78 0
2 79 1.41421
2 80 0
2 81 0
2 82 0
2 83 0
2 84 0
2 85 0
2 86 0
2 87 0
2 88 0
2 89 1
2 90 0
2 91 0
2 92 0
2 93 0
2 94 0
2 95 0
2 96 0
2 97 0
2 98 0
2 99 0
2 100 0
2 101 1
2 102 1.41421
2 103 0
2 104 0
2 105 0
2 106 0
2 107 1
2 108 0
2 109 0
2 110 0
2 111 0
2 112 0
2 113 0
2 114 0
2 115 0
2 116 1
2 117 0
2 118 0
2 119 0
2 120 0
2 121 0
2 122 0
2 123 0
2 124 0
2 125 1
2 126 0
2 127 0
2 128 0
2 129 0
2 130 0
2 131 1
2 132 0
2 133 0
2 134 1
2 135 0
2 136 0
2 137 0
2 138 0
2 139 0
2 140 0
2 141 0
2 142 0
2 143 1
2 144 0
2 145 0
2 146 0
2 147 0
2 148 0
2 149 0
2 150 0
2 151 0
2 152 0
2 153 1
2 154 0
2 155 0
2 156 1
2 157 0
2 158 0
2 159 0
2 160 0
2 161 0
2 162 1
2 163 0
2 164 0
2 165 0
2 166 0
2 167 0
2 168 0
2 169 0
2 170 0
2 171 1
2 172 0
2 173 0
2 174 0
2 175 0
2 176 0
2 177 0
2 178 0
2 179 0
2 180 1
2 181 1.41421
2 182 3.16228
2 183 1
2 184 0
2 185 1
2 186 2.23607
2 187 1.41421
2 188 2.23607
2 189 2
2 190 1
2 191 2.23607
2 192 2.82843
2 193 1.41421
2 194 1.41421
2 195 1
2 196 0
2 197 1
2 198 1
2 199 1
2 200 1
2 201 0
2 202 0
2 203 0
2 204 1
2 205 0
2 206 1
2 207 1
2 208 0
2 209 0
2 210 1
2 211 0
2 212 0
2 213 1
2 214 0
2 215 0
2 216 1
2 217 1
2 218 0
2 219 1
2 220 1.41421
2 221 1.41421
2 222 1.41421
2 223 2.23607
2 224 2.23607
2 225 1
2 226 2.23607
2 227 1
2 228 1
2 229 1.41421
2 230 0
2 231 0
2 232 0
2 233 0
2 234 0
2 235 0
2 236 0
2 237 0
2 238 0
2 239 0
2 240 0
2 241 0
2 242 0
2 243 0
2 244 0
2 245 0
2 246 0
2 247 0
2 248 0
2 249 0
