1 9 0
1 10 1
1 11 0
1 12 0
1 13 2
1 14 2
1 15 0
1 16 0
1 17 0
1 18 0
1 19 0
1 20 0
1 21 0
1 22 1
1 23 1
1 24 0
1 25 1
1 26 0
1 27 0
1 28 0
1 29 0
1 30 1
1 31 0
1 32 0
1 33 0
1 34 0
1 35 0
1 36 0
1 37 0
1 38 0
1 39 0
1 40 0
1 41 8
1 42 3
1 43 0
1 44 0
1 45 0
1 46 0
1 47 0
0 48 28
1 48 0
0 49 37
1 49 0
0 50 45
1 50 0
0 51 46
1 51 0
0 52 42
1 52 0
0 53 42
1 53 0
0 54 31
1 54 0
0 55 29
1 55 0
0 56 17
1 56 0
0 57 13
1 57 0
0 58 5
1 58 0
0 59 8
1 59 0
0 60 8
1 60 0
0 61 12
1 61 0
0 62 26
1 62 0
0 63 39
1 63 0
2 63 2
0 64 29
1 64 0
2 64 1
0 65 36
1 65 0
2 65 1
0 66 21
1 66 0
2 66 0
0 67 20
1 67 0
2 67 0
0 68 17
1 68 0
2 68 0
0 69 17
1 69 0
2 69 0
0 70 5
1 70 0
2 70 2
0 71 6
1 71 0
2 71 0
0 72 3
1 72 0
2 72 6
0 73 2
1 73 0
2 73 2
0 74 1
1 74 0
2 74 2
0 75 2
1 75 0
2 75 7
0 76 0
1 76 0
2 76 7
0 77 0
1 77 0
2 77 7
0 78 0
1 78 0
2 78 7
0 79 0
1 79 0
2 79 3
0 80 0
1 80 0
2 80 2
0 81 0
1 81 0
2 81 2
0 82 0
1 82 0
2 82 0
0 83 0
1 83 0
2 83 0
0 84 0
1 84 0
2 84 3
0 85 0
1 85 0
2 85 2
0 86 0
1 86 0
2 86 2
0 87 0
1 87 1
2 87 2
0 88 0
1 88 0
2 88 1
0 89 1
1 89 0
2 89 1
0 90 0
1 90 0
2 90 1
0 91 0
1 91 0
2 91 1
0 92 0
1 92 0
2 92 1
0 93 0
1 93 0
2 93 1
0 94 0
1 94 0
2 94 1
0 95 0
1 95 0
2 95 1
0 96 0
1 96 0
2 96 9
0 97 0
1 97 0
2 97 13
0 98 0
1 98 0
2 98 9
0 99 0
1 99 0
2 99 9
0 100 0
1 100 0
2 100 7
0 101 0
1 101 0
2 101 7
0 102 0
1 102 0
2 102 7
0 103 0
1 103 0
2 103 9
0 104 0
1 104 0
2 104 7
0 105 0
1 105 0
2 105 6
0 106 0
1 106 0
2 106 3
0 107 0
1 107 0
2 107 3
0 108 0
1 108 0
2 108 0
0 109 0
1 109 0
2 109 0
0 110 0
1 110 0
2 110 0
0 111 0
1 111 0
2 111 0
0 112 0
1 112 0
2 112 0
0 113 0
1 113 0
2 113 0
0 114 0
1 114 0
2 114 0
0 115 0
1 115 0
2 115 0
0 116 0
1 116 0
2 116 0
0 117 0
1 117 0
2 117 0
0 118 0
1 118 0
2 118 0
0 119 0
1 119 0
2 119 0
0 120 0
1 120 0
2 120 1
0 121 0
1 121 0
2 121 0
0 122 0
1 122 0
2 122 0
0 123 0
1 123 0
2 123 0
0 124 0
1 124 0
2 124 0
0 125 0
1 125 0
2 125 0
0 126 0
1 126 0
2 126 0
0 127 0
1 127 0
2 127 0
0 128 0
1 128 0
2 128 0
0 129 0
1 129 0
2 129 0
0 130 0
1 130 0
2 130 0
0 131 0
1 131 0
2 131 0
0 132 0
1 132 1
2 132 3
0 133 0
1 133 1
2 133 1
0 134 0
1 134 1
2 134 1
0 135 0
1 135 1
2 135 1
0 136 0
1 136 1
2 136 0
0 137 0
1 137 1
2 137 0
0 138 0
1 138 1
2 138 0
0 139 0
1 139 1
2 139 0
0 140 0
1 140 1
2 140 0
0 141 0
1 141 1
2 141 0
0 142 0
1 142 1
2 142 0
0 143 0
1 143 1
2 143 0
0 144 0
1 144 1
2 144 1
0 145 0
1 145 1
2 145 0
0 146 0
1 146 1
2 146 0
0 147 0
1 147 1
2 147 0
0 148 0
1 148 1
2 148 0
0 149 0
1 149 1
2 149 0
0 150 0
1 150 1
2 150 0
0 151 0
1 151 1
2 151 0
0 152 0
1 152 0
2 152 0
0 153 0
1 153 0
2 153 0
0 154 0
1 154 1
2 154 0
0 155 0
1 155 1
2 155 0
0 156 0
1 156 0
2 156 2
0 157 8
1 157 0
2 157 1
0 158 9
1 158 0
2 158 1
0 159 9
1 159 0
2 159 0
0 160 7
1 160 0
2 160 0
0 161 7
1 161 0
2 161 0
0 162 1
1 162 0
2 162 0
0 163 0
1 163 0
2 163 0
0 164 0
1 164 0
2 164 0
0 165 0
1 165 0
2 165 0
0 166 0
1 166 0
2 166 0
0 167 0
1 167 0
2 167 0
0 168 0
1 168 2
2 168 0
0 169 0
1 169 2
2 169 0
0 170 0
1 170 2
2 170 0
0 171 0
1 171 2
2 171 0
0 172 0
1 172 2
2 172 0
0 173 3
1 173 2
2 173 0
0 174 0
1 174 4
2 174 0
0 175 0
1 175 4
2 175 0
0 176 0
1 176 4
2 176 0
0 177 0
1 177 2
2 177 0
0 178 1
1 178 2
2 178 0
0 179 0
1 179 2
2 179 0
0 180 0
1 180 2
2 180 0
0 181 0
1 181 2
2 181 0
0 182 0
1 182 2
2 182 0
0 183 0
1 183 2
2 183 0
0 184 0
1 184 2
2 184 0
0 185 0
1 185 2
2 185 0
0 186 0
1 186 2
2 186 0
0 187 0
1 187 2
2 187 0
0 188 0
1 188 2
2 188 16
0 189 0
1 189 2
2 189 45
0 190 0
1 190 2
2 190 29
0 191 0
1 191 1
2 191 53
0 192 0
1 192 0
2 192 148
0 193 0
1 193 0
2 193 156
0 194 0
1 194 0
2 194 162
0 195 0
1 195 0
2 195 143
0 196 0
1 196 1
2 196 143
0 197 0
1 197 7
2 197 169
0 198 0
1 198 7
2 198 156
0 199 0
1 199 7
2 199 140
0 200 0
1 200 7
2 200 141
0 201 0
1 201 7
2 201 144
0 202 0
1 202 7
2 202 145
0 203 0
1 203 7
2 203 144
0 204 0
1 204 8
2 204 122
0 205 0
1 205 7
2 205 135
0 206 0
1 206 7
2 206 140
0 207 0
1 207 5
2 207 119
0 208 0
1 208 5
2 208 119
0 209 0
1 209 5
2 209 120
0 210 0
1 210 5
2 210 101
0 211 0
1 211 5
2 211 101
0 212 0
1 212 5
2 212 99
0 213 6
1 213 5
2 213 78
0 214 0
1 214 5
2 214 73
0 215 0
1 215 5
2 215 72
0 216 0
1 216 7
2 216 89
0 217 0
1 217 7
2 217 84
0 218 1
1 218 7
2 218 82
0 219 0
1 219 7
2 219 93
0 220 0
1 220 7
2 220 86
0 221 0
1 221 7
2 221 110
0 222 0
1 222 7
2 222 89
0 223 0
1 223 7
2 223 69
0 224 0
1 224 7
2 224 39
0 225 7
1 225 7
2 225 39
0 226 9
1 226 7
2 226 25
0 227 4
1 227 7
2 227 19
0 228 0
1 228 7
2 228 3
0 229 0
1 229 7
2 229 3
0 230 0
1 230 7
2 230 3
0 231 0
1 231 7
2 231 3
0 232 0
1 232 7
2 232 1
0 233 0
1 233 7
2 233 0
0 234 0
1 234 7
2 234 0
0 235 0
1 235 7
2 235 0
0 236 0
1 236 7
2 236 0
0 237 0
1 237 7
2 237 0
0 238 0
1 238 7
2 238 0
0 239 0
1 239 7
2 239 0
0 240 0
1 240 5
2 240 0
0 241 0
1 241 5
2 241 0
0 242 0
1 242 5
2 242 0
0 243 0
1 243 5
2 243 0
0 244 0
1 244 5
2 244 0
0 245 0
1 245 5
2 245 0
0 246 0
1 246 5
2 246 0
0 247 0
1 247 5
2 247 0
0 248 0
1 248 5
2 248 0
0 249 0
1 249 5
2 249 0
