1 9 0
1 10 1
1 11 1
1 12 0
1 13 2
1 14 0
1 15 2
1 16 0
1 17 0
1 18 0
1 19 0
1 20 0
1 21 0
1 22 1
1 23 0
1 24 1
1 25 1
1 26 1
1 27 0
1 28 0
1 29 0
1 30 1
1 31 1
1 32 0
1 33 0
1 34 0
1 35 0
1 36 0
1 37 0
1 38 0
1 39 0
1 40 0
1 41 8
1 42 5
1 43 3
1 44 0
1 45 0
1 46 0
1 47 0
0 48 0
1 48 0
0 49 9
1 49 0
0 50 8
1 50 0
0 51 1
1 51 0
0 52 4
1 52 0
0 53 0
1 53 0
0 54 11
1 54 0
0 55 2
1 55 0
0 56 12
1 56 0
0 57 4
1 57 0
0 58 8
1 58 0
0 59 3
1 59 0
0 60 0
1 60 0
0 61 4
1 61 0
0 62 14
1 62 0
0 63 13
1 63 0
2 63 0
0 64 10
1 64 0
2 64 1
0 65 7
1 65 0
2 65 0
0 66 15
1 66 0
2 66 1
0 67 1
1 67 0
2 67 0
0 68 3
1 68 0
2 68 0
0 69 0
1 69 0
2 69 0
0 70 12
1 70 0
2 70 2
0 71 1
1 71 0
2 71 2
0 72 3
1 72 0
2 72 6
0 73 1
1 73 0
2 73 4
0 74 1
1 74 0
2 74 0
0 75 1
1 75 0
2 75 5
0 76 2
1 76 0
2 76 0
0 77 0
1 77 0
2 77 0
0 78 0
1 78 0
2 78 0
0 79 0
1 79 0
2 79 4
0 80 0
1 80 0
2 80 1
0 81 0
1 81 0
2 81 0
0 82 0
1 82 0
2 82 2
0 83 0
1 83 0
2 83 0
0 84 0
1 84 0
2 84 3
0 85 0
1 85 0
2 85 1
0 86 0
1 86 0
2 86 0
0 87 0
1 87 1
2 87 0
0 88 0
1 88 1
2 88 1
0 89 1
1 89 0
2 89 0
0 90 1
1 90 0
2 90 0
0 91 0
1 91 0
2 91 0
0 92 0
1 92 0
2 92 0
0 93 0
1 93 0
2 93 0
0 94 0
1 94 0
2 94 0
0 95 0
1 95 0
2 95 0
0 96 0
1 96 0
2 96 8
0 97 0
1 97 0
2 97 4
0 98 0
1 98 0
2 98 4
0 99 0
1 99 0
2 99 0
0 100 0
1 100 0
2 100 2
0 101 0
1 101 0
2 101 0
0 102 0
1 102 0
2 102 0
0 103 0
1 103 0
2 103 2
0 104 0
1 104 0
2 104 2
0 105 0
1 105 0
2 105 1
0 106 0
1 106 0
2 106 3
0 107 0
1 107 0
2 107 0
0 108 0
1 108 0
2 108 3
0 109 0
1 109 0
2 109 0
0 110 0
1 110 0
2 110 0
0 111 0
1 111 0
2 111 0
0 112 0
1 112 0
2 112 0
0 113 0
1 113 0
2 113 0
0 114 0
1 114 0
2 114 0
0 115 0
1 115 0
2 115 0
0 116 0
1 116 0
2 116 0
0 117 0
1 117 0
2 117 0
0 118 0
1 118 0
2 118 0
0 119 0
1 119 0
2 119 0
0 120 0
1 120 0
2 120 1
0 121 0
1 121 0
2 121 1
0 122 0
1 122 0
2 122 0
0 123 0
1 123 0
2 123 0
0 124 0
1 124 0
2 124 0
0 125 0
1 125 0
2 125 0
0 126 0
1 126 0
2 126 0
0 127 0
1 127 0
2 127 0
0 128 0
1 128 0
2 128 0
0 129 0
1 129 0
2 129 0
0 130 0
1 130 0
2 130 0
0 131 0
1 131 0
2 131 0
0 132 0
1 132 1
2 132 3
0 133 0
1 133 0
2 133 2
0 134 0
1 134 0
2 134 0
0 135 0
1 135 0
2 135 0
0 136 0
1 136 0
2 136 1
0 137 0
1 137 0
2 137 0
0 138 0
1 138 0
2 138 0
0 139 0
1 139 0
2 139 0
0 140 0
1 140 0
2 140 0
0 141 0
1 141 0
2 141 0
0 142 0
1 142 0
2 142 0
0 143 0
1 143 0
2 143 0
0 144 0
1 144 0
2 144 1
0 145 0
1 145 0
2 145 1
0 146 0
1 146 0
2 146 0
0 147 0
1 147 0
2 147 0
0 148 0
1 148 0
2 148 0
0 149 0
1 149 0
2 149 0
0 150 0
1 150 0
2 150 0
0 151 0
1 151 0
2 151 0
0 152 0
1 152 1
2 152 0
0 153 0
1 153 0
2 153 0
0 154 0
1 154 1
2 154 0
0 155 0
1 155 0
2 155 0
0 156 0
1 156 1
2 156 2
0 157 8
1 157 0
2 157 1
0 158 1
1 158 0
2 158 0
0 159 0
1 159 0
2 159 1
0 160 2
1 160 0
2 160 0
0 161 0
1 161 0
2 161 0
0 162 6
1 162 0
2 162 0
0 163 1
1 163 0
2 163 0
0 164 0
1 164 0
2 164 0
0 165 0
1 165 0
2 165 0
0 166 0
1 166 0
2 166 0
0 167 0
1 167 0
2 167 0
0 168 0
1 168 2
2 168 0
0 169 0
1 169 0
2 169 0
0 170 0
1 170 0
2 170 0
0 171 0
1 171 0
2 171 0
0 172 0
1 172 0
2 172 0
0 173 3
1 173 0
2 173 0
0 174 3
1 174 2
2 174 0
0 175 0
1 175 0
2 175 0
0 176 0
1 176 0
2 176 0
0 177 0
1 177 2
2 177 0
0 178 1
1 178 0
2 178 0
0 179 1
1 179 0
2 179 0
0 180 0
1 180 0
2 180 0
0 181 0
1 181 0
2 181 0
0 182 0
1 182 0
2 182 0
0 183 0
1 183 0
2 183 0
0 184 0
1 184 0
2 184 0
0 185 0
1 185 0
2 185 0
0 186 0
1 186 0
2 186 0
0 187 0
1 187 0
2 187 0
0 188 0
1 188 0
2 188 16
0 189 0
1 189 0
2 189 29
0 190 0
1 190 0
2 190 16
0 191 0
1 191 1
2 191 24
0 192 0
1 192 1
2 192 95
0 193 0
1 193 0
2 193 8
0 194 0
1 194 0
2 194 6
0 195 0
1 195 0
2 195 19
0 196 0
1 196 1
2 196 0
0 197 0
1 197 6
2 197 26
0 198 0
1 198 0
2 198 13
0 199 0
1 199 0
2 199 16
0 200 0
1 200 0
2 200 1
0 201 0
1 201 0
2 201 3
0 202 0
1 202 0
2 202 1
0 203 0
1 203 0
2 203 1
0 204 0
1 204 1
2 204 22
0 205 0
1 205 1
2 205 13
0 206 0
1 206 0
2 206 5
0 207 0
1 207 2
2 207 21
0 208 0
1 208 0
2 208 0
0 209 0
1 209 0
2 209 1
0 210 0
1 210 0
2 210 19
0 211 0
1 211 0
2 211 0
0 212 0
1 212 0
2 212 2
0 213 6
1 213 0
2 213 21
0 214 6
1 214 0
2 214 5
0 215 0
1 215 0
2 215 1
0 216 0
1 216 2
2 216 17
0 217 0
1 217 0
2 217 5
0 218 1
1 218 0
2 218 2
0 219 1
1 219 0
2 219 11
0 220 0
1 220 0
2 220 7
0 221 0
1 221 0
2 221 24
0 222 0
1 222 0
2 222 21
0 223 0
1 223 0
2 223 20
0 224 0
1 224 0
2 224 30
0 225 7
1 225 0
2 225 0
0 226 2
1 226 0
2 226 14
0 227 5
1 227 0
2 227 6
0 228 4
1 228 0
2 228 16
0 229 0
1 229 0
2 229 0
0 230 0
1 230 0
2 230 0
0 231 0
1 231 0
2 231 0
0 232 0
1 232 0
2 232 2
0 233 0
1 233 0
2 233 1
0 234 0
1 234 0
2 234 0
0 235 0
1 235 0
2 235 0
0 236 0
1 236 0
2 236 0
0 237 0
1 237 0
2 237 0
0 238 0
1 238 0
2 238 0
0 239 0
1 239 0
2 239 0
0 240 0
1 240 2
2 240 0
0 241 0
1 241 0
2 241 0
0 242 0
1 242 0
2 242 0
0 243 0
1 243 0
2 243 0
0 244 0
1 244 0
2 244 0
0 245 0
1 245 0
2 245 0
0 246 0
1 246 0
2 246 0
0 247 0
1 247 0
2 247 0
0 248 0
1 248 0
2 248 0
0 249 0
1 249 0
2 249 0
