0 48 0.989776
1 101 1
0 97 0.987093
1 101 1
0 97 0.98364
1 101 1
0 97 0.9797
1 101 1
0 97 0.976002
1 101 1
0 97 0.974021
1 101 1
0 97 0.970558
1 101 1
0 97 0.966891
1 101 1
0 97 0.927393
1 101 1
0 97 0.923395
1 101 1
0 97 0.91895
1 101 1
0 97 0.922386
1 101 1
0 97 0.915027
1 101 1
0 97 0.917179
1 101 1
0 97 0.916868
1 62 1
0 97 0.916653
0 97 0.9363
1 101 1
1 101 0.909134
2 63 1
2 63 1
0 97 0.912477
0 97 0.937218
1 101 1
1 101 0.911725
2 75 1
2 75 1
0 97 0.91868
0 97 0.948761
1 101 1
1 101 0.926856
2 75 1
2 75 1
0 97 0.92245
0 97 0.90628
1 101 1
1 101 0.879564
2 66 1
2 66 1
0 97 0.917455
0 97 0.916487
1 101 0.708349
1 101 0.892915
2 75 0.758156
2 75 1
0 97 0.918657
0 97 0.921511
1 101 0.0177793
1 101 0.900398
2 75 0.0855713
2 75 1
0 97 0.923286
0 97 0.915905
1 101 0.738231
1 101 0.896053
2 69 0.778768
2 69 1
0 97 0.912984
0 97 0.874748
1 101 0.8265
1 101 0.858216
2 70 0.856208
2 70 1
0 97 0.911921
0 97 0.92733
1 101 0.72312
1 101 0.914455
2 71 0.752769
2 71 1
0 97 0.886635
0 97 0.94326
1 101 0.811301
1 101 0.933569
2 72 0.832566
2 72 1
0 97 0.8806
0 97 0.938279
1 101 0.841064
1 101 0.931163
2 73 0.851721
2 73 1
0 97 0.88186
0 97 0.938397
1 101 0.827706
1 101 0.932994
2 74 0.8362
2 74 1
0 97 0.879497
0 97 0.935927
1 101 0.77847
1 101 0.932626
2 75 0.785681
2 75 1
0 97 0.87196
0 97 0.932366
1 101 0.774869
1 101 0.930648
2 75 0.778588
2 75 1
0 77 0.851097
0 77 0.916652
1 101 0.370654
1 101 0.916652
2 77 0.370654
2 77 1
0 78 0.83849
0 78 0.913379
1 101 0.294072
1 101 0.913379
2 78 0.294072
2 78 1
0 79 0.800422
0 79 0.922919
1 101 0.252397
1 101 0.922919
2 75 0.252397
2 75 1
0 80 0.713786
0 80 0.927648
1 80 0.167496
1 80 0.927648
2 75 0.167496
2 75 1
0 81 0.640663
0 81 0.931029
1 81 0.18576
1 81 0.931029
2 75 0.18576
2 75 1
0 82 0.27092
0 82 0.960886
1 82 0.0856128
1 82 0.95795
2 75 0.0959837
2 75 1
0 83 0.135397
0 83 0.952766
1 83 0.031647
1 83 0.955941
2 75 0.0210219
2 75 1
0 84 0.0522999
0 84 0.953502
1 84 0.0170352
1 84 0.95509
2 75 0.0117211
2 75 1
0 85 1
0 85 0.952399
1 85 1
1 85 0.955586
2 75 1
2 75 0.053159
0 86 1
0 86 0.955676
1 86 1
1 86 0.961601
2 75 1
2 75 0.0613118
0 87 1
0 87 0.951992
1 87 1
1 87 0.955192
2 75 1
2 75 0.219188
0 88 1
0 88 0.952334
1 88 1
1 88 0.952334
2 75 1
2 75 0.252278
0 89 1
0 89 0.948039
1 89 1
1 89 0.951367
2 75 1
2 75 0.254866
0 90 1
0 90 0.949463
1 90 1
1 90 0.949463
2 75 1
2 75 0.275797
0 91 1
0 91 0.948008
1 91 1
1 91 0.948008
2 75 1
2 75 0.270591
0 92 1
0 92 0.949749
1 92 1
1 92 0.949749
2 75 1
2 75 0.269635
0 93 1
0 93 0.948354
1 93 1
1 93 0.94641
2 75 1
2 75 0.261936
0 94 1
0 94 0.945561
1 94 1
1 94 0.945561
2 75 1
2 75 0.262641
0 95 1
0 95 0.932663
1 95 1
1 95 0.932663
2 75 1
2 75 0.282266
0 96 1
0 96 0.940645
1 96 1
1 96 0.9442
2 75 1
2 75 0.263149
0 97 1
0 97 0.947068
1 97 1
1 97 0.947068
2 75 1
2 75 0.289132
0 98 1
0 98 0.946817
1 98 1
1 98 0.946817
2 75 1
2 75 0.288984
0 99 1
0 99 0.949802
1 99 1
1 99 0.949802
2 75 1
2 75 0.288301
0 100 1
0 100 0.938764
1 100 1
1 100 0.936654
2 100 1
2 100 0.285829
0 101 1
0 101 0.943933
1 101 1
1 101 0.943933
2 101 1
2 101 0.289079
0 102 1
0 102 0.961781
1 102 1
1 102 0.9601
2 75 1
2 75 0.290034
0 103 1
0 103 0.960076
1 103 0.0187622
1 103 0.958359
2 75 0.0106655
2 75 0.29678
0 104 1
0 104 0.950527
1 104 1
1 104 0.950527
2 75 1
2 75 0.290664
0 105 1
0 105 0.957348
1 105 1
1 105 0.955575
2 75 1
2 75 0.298786
0 106 1
0 106 0.955579
1 106 0.0598237
1 106 0.955579
2 106 0.0598237
2 106 0.2986
0 107 1
0 107 0.945216
1 107 0.0535103
1 107 0.945216
2 75 0.0535103
2 75 0.294733
0 108 1
0 108 0.954263
1 108 1
1 108 0.954263
2 75 1
2 75 0.296704
0 109 1
0 109 0.957163
1 109 1
1 109 0.957163
2 75 1
2 75 0.29441
0 110 1
0 110 0.950838
1 110 1
1 110 0.950838
2 75 1
2 75 0.301309
0 111 1
0 111 0.955043
1 111 0.0216428
1 111 0.955043
2 75 0.0216428
2 75 0.300309
0 112 1
0 112 0.96347
1 112 1
1 112 0.961825
2 75 1
2 75 0.294151
0 113 1
0 113 0.964674
1 113 1
1 113 0.963056
2 75 1
2 75 0.294851
0 114 1
0 114 0.962555
1 114 0.0155579
1 114 0.962555
2 75 0.0155579
2 75 0.290485
0 115 1
0 115 0.960647
1 115 0.0415662
1 115 0.960647
2 75 0.0415662
2 75 0.289686
0 116 1
0 116 0.962871
1 116 1
1 116 0.961213
2 75 1
2 75 0.29687
0 117 1
0 117 0.963503
1 117 1
1 117 0.963503
2 75 1
2 75 0.313026
0 118 1
0 118 0.963576
1 118 0.0623641
1 118 0.966364
2 75 0.0482145
2 75 0.277697
0 119 1
0 119 0.963755
1 101 0.0833863
1 101 0.963755
2 75 0.0833863
2 75 0.311393
0 120 1
0 120 0.933529
1 120 1
1 120 0.933529
2 75 1
2 75 0.311462
0 121 1
0 121 0.932788
1 121 0.120741
1 121 0.932788
2 75 0.120741
2 75 0.313686
0 122 1
0 122 0.957239
1 122 0.0496814
1 122 0.957239
2 75 0.0496814
2 75 0.313754
0 123 1
0 123 0.954735
1 123 1
1 123 0.954735
2 75 1
2 75 0.438649
0 124 1
0 124 0.952169
1 124 1
1 124 0.952169
2 75 1
2 75 0.451953
0 125 1
0 125 0.969819
1 125 0.0890566
1 125 0.969819
2 75 0.0890565
2 75 0.314199
0 126 1
0 126 0.970315
1 126 1
1 126 0.970315
2 75 1
2 75 0.311488
0 127 1
0 127 0.973047
1 127 1
1 127 0.973047
2 75 1
2 75 0.434811
0 128 1
0 128 0.978356
1 128 1
1 128 0.978356
2 75 1
2 75 0.439451
0 129 1
0 129 0.978243
1 129 1
1 129 0.978243
2 75 1
2 75 0.497913
0 130 1
0 130 0.977127
1 130 0.0991643
1 130 0.977127
2 75 0.0991643
2 75 0.485745
0 131 1
0 131 0.978614
1 131 0.0945839
1 131 0.978614
2 75 0.0945839
2 75 0.4883
0 132 1
0 132 0.974536
1 132 1
1 132 0.974536
2 75 1
2 75 0.317104
0 133 1
0 133 0.974309
1 133 0.0617986
1 133 0.974309
2 75 0.0617986
2 75 0.319807
0 134 1
0 134 0.972374
1 134 0.0464007
1 134 0.972374
2 75 0.0464008
2 75 0.324016
0 135 1
0 135 0.977745
1 135 0.134971
1 135 0.977745
2 75 0.134971
2 75 0.324016
0 136 1
0 136 0.980079
1 136 0.118187
1 136 0.980079
2 75 0.118187
2 75 0.319874
0 137 1
0 137 0.981428
1 137 0.0750727
1 137 0.981428
2 75 0.0750726
2 75 0.318698
0 138 1
0 138 0.983448
1 138 0.0450405
1 138 0.983448
2 75 0.0450406
2 75 0.315506
0 139 1
0 139 0.98321
1 139 0.0245962
1 139 0.98321
2 75 0.0245962
2 75 0.315983
0 140 1
0 140 0.984138
1 140 0.00280165
1 140 0.984138
2 75 0.00280166
2 75 0.308634
0 141 1
0 141 0.985034
1 141 1
1 141 0.985034
2 75 1
2 75 0.304649
0 142 1
0 142 0.987236
1 142 1
1 142 0.987236
2 75 1
2 75 0.311218
0 143 1
0 143 0.988999
1 143 1
1 143 0.988082
2 75 1
2 75 0.308307
0 144 1
0 144 0.986203
1 144 1
1 144 0.985179
2 75 1
2 75 0.30853
0 145 1
0 145 0.982434
1 145 1
1 145 0.981283
2 75 1
2 75 0.307047
0 146 1
0 146 0.984857
1 146 1
1 146 0.983786
2 75 1
2 75 0.306698
0 147 1
0 147 0.984055
1 147 1
1 147 0.982956
2 75 1
2 75 0.306698
0 148 1
0 148 0.985324
1 148 1
1 148 0.984269
2 75 1
2 75 0.30245
0 149 1
0 149 0.988639
1 149 1
1 149 0.987708
2 75 1
2 75 0.304339
0 150 1
0 150 0.988474
1 150 1
1 150 0.988474
2 75 1
2 75 0.308552
0 151 1
0 151 0.991104
1 151 1
1 151 0.991104
2 75 1
2 75 0.305873
0 152 1
0 152 0.990108
1 152 1
1 152 0.990108
2 75 1
2 75 0.305562
0 153 1
0 153 0.992039
1 153 1
1 153 0.991256
2 75 1
2 75 0.29972
0 154 1
0 154 0.98994
1 154 1
1 154 0.98994
2 75 1
2 75 0.298245
0 155 1
0 155 0.989426
1 155 1
1 155 0.989426
2 75 1
2 75 0.29948
0 156 1
0 156 0.982092
1 156 1
1 156 0.982092
2 75 1
2 75 0.384179
0 157 1
0 157 0.985712
1 157 1
1 157 0.985712
2 75 1
2 75 0.38107
0 158 1
0 158 0.975523
1 158 1
1 158 0.975523
2 75 1
2 75 0.389325
0 159 1
0 159 0.966721
1 159 1
1 159 0.966721
2 75 1
2 75 0.381928
0 160 1
0 160 0.963475
1 160 1
1 160 0.963475
2 75 1
2 75 0.401251
0 161 1
0 161 0.961154
1 161 1
1 161 0.961154
2 75 1
2 75 0.300773
0 162 1
0 162 0.965591
1 162 1
1 162 0.964195
2 75 1
2 75 0.436508
0 163 1
0 163 0.959218
1 163 1
1 163 0.959218
2 75 1
2 75 0.435289
0 164 1
0 164 0.961343
1 164 1
1 164 0.961343
2 75 1
2 75 0.30821
0 165 1
0 165 0.964755
1 165 1
1 165 0.964755
2 75 1
2 75 0.309239
0 166 1
0 166 0.963345
1 166 1
1 166 0.963345
2 75 1
2 75 0.309239
0 97 1
0 97 0.967672
1 167 1
1 167 0.967672
2 75 1
2 75 0.313145
0 168 1
0 168 0.976331
1 168 1
1 168 0.976331
2 75 1
2 75 0.304473
0 97 1
0 97 0.979106
1 169 1
1 169 0.979106
2 75 1
2 75 0.304558
0 97 1
0 97 0.981577
1 170 1
1 170 0.981577
2 75 1
2 75 0.304558
0 171 1
0 171 0.991002
1 171 1
1 171 0.991002
2 75 1
2 75 0.304558
0 172 1
0 172 0.987502
1 172 1
1 172 0.987502
2 75 1
2 75 0.304174
0 173 1
0 173 0.986765
1 173 1
1 173 0.986765
2 75 1
2 75 0.306056
0 174 1
0 174 0.987753
1 174 1
1 174 0.987753
2 75 1
2 75 0.311039
0 97 1
0 97 0.983467
1 175 1
1 175 0.983467
2 75 1
2 75 0.312728
0 97 1
0 97 0.981418
1 176 1
1 176 0.981418
2 75 1
2 75 0.309688
0 97 1
0 97 0.972092
1 177 0.0368785
1 177 0.972092
2 75 0.0368785
2 75 0.316632
0 97 1
0 97 0.961194
1 178 0.0286193
1 178 0.961194
2 75 0.0286193
2 75 0.321893
0 97 1
0 97 0.938676
1 179 0.315523
1 179 0.938676
2 75 0.315523
2 75 0.322299
0 97 1
0 97 0.929898
1 180 0.333183
1 180 0.929898
2 180 0.333183
2 180 0.510301
0 97 1
0 97 0.912753
1 181 0.350263
1 181 0.912753
2 181 0.350263
2 181 0.504033
0 97 1
0 97 0.914115
1 182 0.667587
1 182 0.914115
2 182 0.667587
2 182 0.497841
0 97 1
0 97 0.913721
1 183 0.596408
1 183 0.913721
2 183 0.596408
2 183 0.497841
0 97 1
0 97 0.924298
1 184 0.533229
1 184 0.924298
2 184 0.533229
2 184 0.30106
0 97 1
0 97 0.922396
1 185 0.779754
1 185 0.922396
2 185 0.779754
2 185 0.477242
0 97 1
0 97 0.915301
1 186 0.628961
1 186 0.915301
2 186 0.628961
2 186 0.477241
0 97 1
0 97 0.873613
1 187 0.656059
1 187 0.873613
2 187 0.656059
2 187 0.29258
0 97 1
0 97 0.837053
1 188 0.488408
1 188 0.837053
2 188 0.488408
2 188 0.287617
0 97 1
0 97 0.825769
1 189 0.310886
1 189 0.825769
2 189 0.310886
2 189 0.287751
0 97 1
0 97 0.760469
1 190 0.437232
1 190 0.767328
2 190 0.427649
2 190 0.269078
0 97 1
0 97 0.7676
1 191 0.238258
1 191 0.774369
2 75 0.227922
2 75 0.270484
0 97 1
0 97 0.77862
1 192 1
1 192 0.77862
2 192 1
2 192 0.290567
0 97 1
0 97 0.792831
1 193 1
1 193 0.792831
2 75 1
2 75 0.289249
0 97 1
0 97 0.793614
1 194 1
1 194 0.793615
2 194 1
2 194 0.28331
0 195 1
0 195 0.787864
1 195 1
1 195 0.794365
2 75 1
2 75 0.267075
0 196 1
0 196 0.787614
1 196 1
1 196 0.794119
2 75 1
2 75 0.264442
0 197 1
0 197 0.784938
1 197 1
1 197 0.797673
2 197 1
2 197 0.258278
0 198 1
0 198 0.78157
1 198 1
1 198 0.794393
2 75 1
2 75 0.254494
0 199 1
0 199 0.777295
1 199 1
1 199 0.790231
2 199 1
2 199 0.257579
0 200 1
0 200 0.775685
1 200 1
1 200 0.788662
2 75 1
2 75 0.254848
0 201 1
0 201 0.777694
1 201 1
1 201 0.79062
2 75 1
2 75 0.254668
0 202 1
0 202 0.779305
1 202 1
1 202 0.792188
2 202 0.00458799
2 202 0.257004
0 203 1
0 203 0.782809
1 203 1
1 203 0.789379
2 203 1
2 203 0.261479
0 204 1
0 204 0.783206
1 204 0.0497964
1 204 0.779415
2 75 0.0578822
2 75 0.275916
0 205 1
0 205 0.799644
1 205 0.0147424
1 205 0.798877
2 75 0.0164426
2 75 0.258039
0 206 1
0 206 0.805484
1 206 0.00972218
1 206 0.804727
2 206 0.0114225
2 206 0.337706
0 207 1
0 207 0.819476
1 207 0.0221579
1 207 0.822078
2 75 0.0160852
2 75 0.328616
0 208 1
0 208 0.816606
1 208 0.115813
1 208 0.819226
2 75 0.109778
2 75 0.326976
0 209 1
0 209 0.814461
1 209 0.126423
1 209 0.817096
2 75 0.120396
2 75 0.323408
0 210 1
0 210 0.817428
1 210 0.119657
1 210 0.816693
2 75 0.121345
2 75 0.261776
0 211 1
0 211 0.810142
1 211 0.162
1 211 0.816327
2 75 0.148
2 75 0.26103
0 212 1
0 212 0.807292
1 212 0.190045
1 212 0.813519
2 75 0.176113
2 75 0.262257
0 213 1
0 213 0.793848
1 213 0.222757
1 213 0.800267
2 75 0.20892
2 75 0.262257
0 214 1
0 214 0.802678
1 214 0.212703
1 214 0.805386
2 75 0.206765
2 75 0.262257
0 215 1
0 215 0.790478
1 215 0.239925
1 215 0.796943
2 75 0.226144
2 75 0.260484
0 216 1
0 216 0.792728
1 216 0.224333
1 216 0.795497
2 216 0.21841
2 216 0.375567
0 217 1
0 217 0.808362
1 217 0.269028
1 217 0.814574
2 217 0.255352
2 217 0.380045
0 218 1
0 218 0.817996
1 218 0.288674
1 218 0.824063
2 218 0.275077
2 218 0.3812
0 97 1
0 97 0.801342
1 219 0.325178
1 219 0.807655
2 219 0.311745
2 219 0.38396
0 97 1
0 97 0.752719
1 220 0.315676
1 220 0.759674
2 220 0.302198
2 220 0.383367
0 97 1
0 97 0.806034
1 221 0.310363
1 221 0.812279
2 221 0.296861
2 221 0.363967
0 222 1
0 222 0.818834
1 222 0.320882
1 222 0.824889
2 222 0.307428
2 222 0.259199
0 223 1
0 223 0.866366
1 223 0.430414
1 223 0.871625
2 223 0.417579
2 223 0.259199
0 97 1
0 97 0.870678
1 224 0.479331
1 224 0.875857
2 224 0.466846
2 224 0.374744
0 97 1
0 97 0.907689
1 225 0.477265
1 225 0.912098
2 225 0.464764
2 225 0.262085
0 226 1
0 226 0.915619
1 226 0.487361
1 226 0.91984
2 226 0.474938
2 226 0.260761
0 97 1
0 97 0.950691
1 227 0.724305
1 227 0.950691
2 75 0.724305
2 75 0.264282
0 97 1
0 97 0.928964
1 228 0.837995
1 228 0.932846
2 75 0.830178
2 75 0.387695
0 97 1
0 97 0.93183
1 229 0.854183
1 229 0.93183
2 229 0.854183
2 229 0.294322
0 97 1
0 97 0.937733
1 230 0.867635
1 230 0.937733
2 229 0.867635
2 229 0.295819
0 231 1
0 231 0.94269
1 231 0.694506
1 231 0.94269
2 229 0.694506
2 229 0.295806
0 232 1
0 232 0.959866
1 232 0.932047
1 232 0.959866
2 229 0.932047
2 229 0.292485
0 232 1
0 232 0.974996
1 233 0.939597
1 233 0.974996
2 229 0.939597
2 229 0.292338
0 232 1
0 232 0.970248
1 234 0.955714
1 234 0.970248
2 229 0.955714
2 229 0.292338
0 232 1
0 232 0.972491
1 235 0.956342
1 235 0.972491
2 229 0.956342
2 229 0.289555
0 232 1
0 232 0.978911
1 236 0.967039
1 236 0.978911
2 229 0.967039
2 229 0.292927
0 232 1
0 232 0.981039
1 237 0.977962
1 237 0.981039
2 229 0.977962
2 229 0.292888
0 232 1
0 232 0.981122
1 238 0.979043
1 238 0.981121
2 229 0.979043
2 229 0.290511
0 232 1
0 232 0.984396
1 239 0.986746
1 239 0.984396
2 229 0.986746
2 229 0.29293
0 232 1
0 232 0.98946
1 240 0.984943
1 240 0.990943
2 229 0.982395
2 229 0.349537
0 232 1
0 232 0.989221
1 241 0.98672
1 241 0.990721
2 229 0.984319
2 229 0.345782
0 232 1
0 232 0.988986
1 242 0.990053
1 242 0.990503
2 229 0.98796
2 229 0.345308
0 232 1
0 232 0.988085
1 243 0.989757
1 243 0.989665
2 229 0.987635
2 229 0.345308
0 232 1
0 232 0.987608
1 244 0.989482
1 244 0.989221
2 229 0.987333
2 229 0.343165
0 232 1
0 232 0.986939
1 245 0.990262
1 245 0.988596
2 229 0.98819
2 229 0.344114
0 232 1
0 232 0.986189
1 246 0.989249
1 246 0.987893
2 229 0.987077
2 229 0.341731
0 232 1
0 232 0.9828
1 247 0.982806
1 247 0.984708
2 229 0.980091
2 229 0.343428
0 232 1
0 232 0.986384
1 248 0.974368
1 248 0.988076
2 229 0.971083
2 229 0.343259
0 232 1
0 232 0.985926
1 249 0.970564
1 249 0.987648
2 229 0.967053
2 229 0.343259
