0 48 -81.9297
0 49 0.721169
0 50 -0.727936
0 51 1.3522
0 52 -1.00191
0 53 -1.30882
0 54 0.959305
0 55 -0.33065
0 56 0.365616
0 57 1.19157
0 58 -0.375038
0 59 -0.518379
0 60 3.25832
0 61 0.436363
0 62 4.26564
0 63 0.937927
0 64 5.96722
0 65 0.841225
0 66 18.0726
0 67 100.301
0 68 -44.6316
0 69 45.992
0 70 6.95332
0 71 -10.0668
0 72 7.24667
0 73 1.57542
0 74 -1.9283
0 75 -5.30444
0 76 -0.912045
0 77 -29.6462
0 78 -4.65408
0 79 -2.48245
0 80 -4.97718
0 81 1.06319
0 82 -4.60068
0 83 -4.9002
0 84 -0.228466
0 85 -3.43911
0 86 -1.75315
0 87 0.127609
0 88 -2.0943
0 89 2.53233
0 90 1.21057
0 91 -3.03084
0 92 1.42979
0 93 -4.74141
0 94 2.84924
0 95 -2.28443
0 96 0.244723
0 97 1.29488
0 98 -0.747347
0 99 1.85424
0 100 -0.976704
0 101 3.43952
0 102 -1.71209
0 103 4.5573
0 104 -2.25434
0 105 0.729576
0 106 5.21756
0 107 -0.362312
0 108 -6.31564
0 109 1.07117
0 110 1.09007
0 111 2.32715
0 112 -4.71171
0 113 2.649
0 114 1.714
0 115 1.49082
0 116 -5.79042
0 117 3.28444
0 118 2.88729
0 119 2.01968
0 120 -5.5926
0 121 7.74426
0 122 -4.08718
0 123 -5.41973
0 124 0.959321
0 125 6.72204
0 126 -6.02493
0 127 0.649047
0 128 0.106812
0 129 -0.147413
0 130 5.99821
0 131 -0.26368
0 132 -9.45225
0 133 7.56794
0 134 -0.883536
0 135 5.09744
0 136 -0.969499
0 137 -2.48207
0 138 -1.72389
0 139 -1.1721
0 140 -1.24888
0 141 -0.856092
0 142 -1.00024
0 143 -0.438414
0 144 -1.09552
0 145 -0.918427
0 146 0.290324
0 147 -0.928753
0 148 0.352657
0 149 0.403469
0 150 -0.162045
0 151 -3.57025
0 152 -1.49204
0 153 1.33503
0 154 -1.33954
0 155 1.88804
0 156 -1.54043
0 157 -2.57591
0 158 2.81669
0 159 -1.34681
0 160 -2.06511
0 161 4.04403
0 162 1.04408
0 163 4.44556
0 164 -5.73481
0 165 3.89784
0 166 3.22948
0 167 -3.83434
0 168 -3.10866
0 169 0.299385
0 170 -1.128
0 171 0.648376
0 172 -0.719079
0 173 1.33897
0 174 -2.46996
0 175 0.391167
0 176 1.70269
0 177 10.1496
0 178 -0.473471
0 179 16.7524
0 180 1.06971
0 181 1.04133
0 182 21.3777
0 183 -5.26802
0 184 -4.38918
0 185 19.0142
0 186 -12.2645
0 187 2.02646
0 188 -11.764
0 189 -11.1234
0 190 7.2058
0 191 -12.1437
0 192 -22.5978
0 193 4.71403
0 194 -4.81572
0 195 5.22117
0 196 -4.82774
0 197 3.4459
0 198 -1.81039
0 199 3.52056
0 200 1.85746
0 201 0.615074
0 202 1.76556
0 203 -0.781532
0 204 4.18492
0 205 -2.04207
0 206 -0.287658
0 207 -0.0668786
0 208 5.38085
0 209 0.612432
0 210 0.38885
0 211 0.859278
0 212 1.63239
0 213 1.91561
0 214 0.221748
0 215 0.789326
0 216 -0.106476
0 217 1.8308
0 218 1.17216
0 219 2.19779
0 220 -0.574724
0 221 -0.320536
0 222 0.635164
0 223 6.77753
0 224 3.14793
0 225 -0.134821
0 226 0.660339
0 227 18.0557
0 228 9.706
0 229 2.55256
0 230 1.51538
0 231 -16.1971
0 232 24.7683
0 233 1.22783
0 234 2.90054
0 235 0.122749
0 236 2.24113
0 237 2.70041
0 238 0.300476
0 239 2.41168
0 240 -1.42817
0 241 0.607124
0 242 1.26003
0 243 -0.119629
0 244 -0.109467
0 245 0.314735
0 246 -0.406845
0 247 -2.23087
0 248 -2.36037
0 249 -0.935898
1 9 18.446
1 10 -4.44675
1 11 -0.258148
1 12 1.04249
1 13 1.02396
1 14 -0.315293
1 15 -0.533306
1 16 0.0979795
1 17 -0.0650063
1 18 0.0375843
1 19 0.0684586
1 20 0.564822
1 21 0.0303173
1 22 0.0465765
1 23 -0.0200243
1 24 -0.714185
1 25 -2.0432
1 26 1.47508
1 27 -2.3138
1 28 -0.315669
1 29 -4.4709
1 30 -3.4804
1 31 -7.4217
1 32 -12.9653
1 33 -3.20745
1 34 -39.7464
1 35 -4.08937
1 36 3.29301
1 37 6.03531
1 38 6.07752
1 39 -1.58113
1 40 0.804234
1 41 0.608963
1 42 -1.30043
1 43 -2.32181
1 44 1.60761
1 45 -0.10202
1 46 0.163929
1 47 -6.30154
1 48 -2.2144
1 49 0.25219
1 50 0.763321
1 51 0.774059
1 52 0.587898
1 53 0.0715141
1 54 0.395317
1 55 0.377998
1 56 0.228252
1 57 0.238163
1 58 0.276493
1 59 -0.894577
1 60 0.664886
1 61 -0.723873
1 62 -0.385708
1 63 -0.874706
1 64 0.115196
1 65 -1.37747
1 66 -1.06447
1 67 0.200264
1 68 -0.723309
1 69 -1.251
1 70 0.283813
1 71 -0.489883
1 72 2.65482
1 73 -0.715393
1 74 -0.692253
1 75 -0.275539
1 76 0.310108
1 77 1.74705
1 78 1.35014
1 79 3.8106
1 80 7.6266
1 81 5.70252
1 82 25.3158
1 83 6.13495
1 84 5.39262
1 85 6.65414
1 86 1.05239
1 87 8.56174
1 88 1.34199
1 89 0.762326
1 90 0.634879
1 91 -0.310074
1 92 -0.0568991
1 93 -0.457592
1 94 0.0418596
1 95 1.16864
1 96 -0.529493
1 97 0.940037
1 98 -0.00887871
1 99 -0.0408611
1 100 -0.147875
1 101 0.194435
1 102 0.0571766
1 103 0.404299
1 104 -0.366617
1 105 0.487032
1 106 -0.0112019
1 107 -0.232006
1 108 0.118219
1 109 -0.137596
1 110 0.414082
1 111 -0.0600758
1 112 -0.369492
1 113 0.0419712
1 114 -0.261623
1 115 -0.0478687
1 116 0.43059
1 117 0.971941
1 118 -1.50989
1 119 1.4114
1 120 0.00417328
1 121 0.134146
1 122 0.0041008
1 123 7.73215
1 124 0.851318
1 125 -8.55657
1 126 -0.16357
1 127 7.62434
1 128 0.295618
1 129 3.79313
1 130 -0.800728
1 131 0.167662
1 132 -10.741
1 133 0.163355
1 134 0.25469
1 135 0
1 136 -0.250618
1 137 -0.0711517
1 138 -0.192793
1 139 0.0287628
1 140 -0.443211
1 141 -0.239876
1 142 0.395555
1 143 -0.17539
1 144 0.0134335
1 145 -0.0892963
1 146 -0.0210133
1 147 0
1 148 -0.255533
1 149 0.113598
1 150 0.253563
1 151 -0.161259
1 152 -0.018734
1 153 -0.351213
1 154 -0.0885487
1 155 0.0741253
1 156 5.1664
1 157 -0.192749
1 158 0.512484
1 159 -0.459322
1 160 1.20325
1 161 -6.15236
1 162 8.3772
1 163 -0.0775814
1 164 -7.85226
1 165 0.0619755
1 166 0
1 167 0.235485
1 168 -0.522396
1 169 0.00510979
1 170 0
1 171 0
1 172 -0.0230942
1 173 0.11319
1 174 0.300192
1 175 0.101849
1 176 -0.183273
1 177 0.418915
1 178 0.318073
1 179 0.0246029
1 180 11.8818
1 181 -0.416704
1 182 -0.409945
1 183 0
1 184 -12.336
1 185 10.9842
1 186 -5.53131e-05
1 187 -11.4929
1 188 -0.297127
1 189 0.00802803
1 190 -0.504969
1 191 0.0836926
1 192 0.58984
1 193 -0.0789413
1 194 -0.355125
1 195 -0.358568
1 196 -0.156507
1 197 0.218632
1 198 -0.224342
1 199 0.182873
1 200 -0.161892
1 201 -0.0106363
1 202 0.138436
1 203 -0.319003
1 204 0.249764
1 205 -0.453903
1 206 4.78347
1 207 -0.552422
1 208 -0.0994358
1 209 -0.216204
1 210 -3.69367
1 211 -0.0442858
1 212 0.0728531
1 213 0
1 214 0
1 215 -0.105251
1 216 6.96055
1 217 0.277134
1 218 0.0715446
1 219 0.171164
1 220 -0.036808
1 221 -1.19832
1 222 -6.32148
1 223 0
1 224 6.9859
1 225 -6.81464
1 226 -0.078577
1 227 -0.399921
1 228 8.09582
1 229 -6.30324
1 230 0.089735
1 231 -0.000728607
1 232 -0.199118
1 233 -0.00883102
1 234 0
1 235 -0.166616
1 236 0.201925
1 237 -0.00230026
1 238 -0.142389
1 239 0.144867
1 240 4.03454
1 241 -0.229473
1 242 -0.0289135
1 243 0
1 244 -0.1308
1 245 0.0579453
1 246 -0.145348
1 247 0.103432
1 248 -0.0102749
1 249 0
2 63 -65.386
2 64 -0.358841
2 65 -2.2051
2 66 6.36008
2 67 -1.65198
2 68 -0.968636
2 69 0.566383
2 70 4.52719
2 71 -7.01157
2 72 -2.86967
2 73 0.381241
2 74 -0.289597
2 75 0.0585098
2 76 0.311882
2 77 2.09457
2 78 0.464973
2 79 -1.38012
2 80 -0.714523
2 81 -0.524696
2 82 -4.72949
2 83 1.00555
2 84 0.165207
2 85 -0.0960388
2 86 -0.626556
2 87 0.702904
2 88 -0.0640106
2 89 0.789581
2 90 -0.258148
2 91 0.263809
2 92 -0.316162
2 93 0.601646
2 94 0.150192
2 95 2.1536
2 96 -1.30645
2 97 -1.11441
2 98 0.0447922
2 99 -0.538986
2 100 2.2718
2 101 -1.22588
2 102 -3.03737
2 103 0.352913
2 104 1.50533
2 105 -0.955566
2 106 -0.000823975
2 107 1.91156
2 108 -1.65755
2 109 -0.564621
2 110 1.20948
2 111 -0.794975
2 112 -1.36298
2 113 -0.259895
2 114 0.106354
2 115 0.398232
2 116 -0.117134
2 117 -0.482796
2 118 -0.0155716
2 119 -0.0384521
2 120 5.53493
2 121 0.118217
2 122 -4.31045
2 123 0.489037
2 124 0.487679
2 125 -3.68008
2 126 -0.11721
2 127 -0.662628
2 128 -1.39041
2 129 0.0314026
2 130 0.304443
2 131 -0.407379
2 132 1.08687
2 133 0.0579224
2 134 0.483345
2 135 -1.38844
2 136 -0.654961
2 137 -0.395866
2 138 -0.620651
2 139 0.0751343
2 140 -0.295547
2 141 -0.293411
2 142 -0.76104
2 143 -0.309547
2 144 1.02216
2 145 1.22623
2 146 -0.771217
2 147 0.26178
2 148 -0.417358
2 149 -1.18348
2 150 -0.285179
2 151 -1.05918
2 152 0.417274
2 153 -0.483047
2 154 0.551376
2 155 0.205574
2 156 2.51998
2 157 -1.16235
2 158 3.00591
2 159 2.11983
2 160 0.71032
2 161 0.48909
2 162 -0.643753
2 163 1.04095
2 164 -0.43644
2 165 -0.726067
2 166 0.304169
2 167 -0.952713
2 168 -2.1177
2 169 -0.757645
2 170 -0.717918
2 171 -3.32306
2 172 1.37583
2 173 0.264084
2 174 -0.35582
2 175 1.45687
2 176 0.629387
2 177 2.50552
2 178 2.44618
2 179 4.1555
2 180 1.41144
2 181 2.53029
2 182 -0.191704
2 183 0.0555038
2 184 -1.53795
2 185 0.283905
2 186 1.03026
2 187 5.36728
2 188 4.05105
2 189 1.16373
2 190 6.16098
2 191 -0.633347
2 192 -0.995541
2 193 -1.31648
2 194 -0.0736656
2 195 0.538208
2 196 0.0232658
2 197 0.248127
2 198 0.310455
2 199 0.390934
2 200 0.146416
2 201 -0.182793
2 202 -0.146988
2 203 -0.32156
2 204 0.311443
2 205 -1.207
2 206 -0.560875
2 207 -1.70945
2 208 0.285934
2 209 0.212303
2 210 0.0400696
2 211 0.0362396
2 212 0.277626
2 213 1.28561
2 214 -0.491974
2 215 0.808372
2 216 0.136974
2 217 -1.84301
2 218 -0.948429
2 219 1.62619
2 220 4.432
2 221 -4.88374
2 222 -1.25801
2 223 -5.07084
2 224 -0.49847
2 225 -4.65044
2 226 -1.10577
2 227 -5.63854
2 228 3.65842
2 229 -0.448029
2 230 -0.952347
2 231 -0.834038
2 232 -3.2041
2 233 -3.44791
2 234 1.17155
2 235 -0.541061
2 236 -1.68253
2 237 -0.612541
2 238 -0.0242767
2 239 -1.01586
2 240 -1.80871
2 241 0.0939255
2 242 0.0914078
2 243 0.341995
2 244 0.175674
2 245 0.241043
2 246 0.263222
2 247 1.10843
2 248 -1.17614
2 249 0.158104
