a,0,9,37,0.721169,4.40942,97.4804,-1,-1
a,1,8,45,-0.727936,3.80997,93.6704,-1,-1
a,1,1,46,1.3522,1.69937,91.971,-1,-1
a,1,4,42,-1.00191,0.364243,92.3353,-1,-1
a,1,0,42,-1.30882,0.0778809,92.4132,-1,-1
a,1,11,31,0.959305,0.992798,93.406,-1,-1
a,1,2,29,-0.33065,0.475761,92.9302,-1,-1
a,1,12,17,0.365616,0.0135269,92.9167,-1,-1
a,1,4,13,1.19157,0.635574,92.2811,-1,-1
a,0,0,0,-1.58113,1.33376,90.3572,-1,-1
a,0,0,0,0.804234,0.841148,89.5161,-1,-1
ÿ,1.41421,8,8,0.608963,4.07031,85.4457,-1,-1
ÿ,2.23607,5,3,-1.30043,0.747833,84.6979,-1,-1
ÿ,1.41421,3,0,-2.32181,0.986549,85.6845,-1,-1
ÿ,1,0,0,1.60761,1.25694,86.9414,-1,-1
ÿ,1,0,0,-0.10202,1.21354,88.1549,-1,-1
ÿ,0,0,0,0.163929,0.380203,87.7747,-1,-1
ÿ,1.41421,0,0,-6.30154,0.985237,88.76,-1,-1
ÿ,1,0,0,-2.2144,2.24133,91.0013,-1,-1
ÿ,0,0,0,0.25219,0.0364609,90.9648,-1,-1
ÿ,0,0,0,0.763321,0.259979,90.7049,-1,-1
ÿ,0,0,0,0.774059,1.03777,89.6671,-1,-1
ÿ,0,0,0,0.587898,0.723091,88.944,-1,-1
a,1,8,5,-0.375038,0.780678,91.5004,-1,-1
a,0,3,8,-0.518379,1.04922,90.4512,-1,-1
a,1.41421,0,8,3.25832,1.37077,89.0804,-1,-1
a,0,4,12,0.436363,1.42316,87.6573,-1,-1
a,1.41421,14,26,4.26564,0.898674,86.7586,-1,-1
a,0,13,39,0.937927,0.457741,86.3008,-1,-1
a,1.41421,10,29,5.96722,1.80233,88.1032,-1,-1
a,0,7,36,0.841225,0.1073,88.2105,-1,-1
a,1.41421,15,21,18.0726,1.97342,90.1839,-1,-1
a,0,1,20,100.301,1.92901,92.1129,-1,-1
a,1,3,17,-44.6316,0.912369,93.0253,-1,-1
a,1,0,17,45.992,2.31699,95.3423,-1,-1
a,1,12,5,6.95332,0.860985,96.2032,-1,-1
a,1,1,6,-10.0668,1.44557,97.6488,-1,-1
a,1,3,3,7.24667,4.03541,101.684,-1,-1
a,1,1,2,1.57542,1.15083,102.835,-1,-1
a,1,1,1,-1.9283,0.473274,102.362,-1,-1
a,1,1,2,-5.30444,1.17342,103.535,-1,-1
a,1,2,0,-0.912045,1.44399,102.091,-1,-1
a,1.41421,0,0,-29.6462,3.50527,98.5859,8.24987,0.916652
a,1,0,0,-4.65408,2.64236,95.9436,8.22041,0.913379
a,3.16228,0,0,-2.48245,2.91711,98.8607,7.38335,0.922919
a,0,0,0,-4.97718,0.881088,97.9796,7.42119,0.927648
a,2.23607,0,0,1.06319,0.278633,97.701,7.44824,0.931029
a,2,0,0,-4.60068,10.7718,108.473,7.68751,0.960886
a,2,0,0,-4.9002,6.21947,114.692,7.62213,0.952766
a,2.23607,0,0,-0.228466,4.6909,119.383,7.62812,0.953502
a,1.41421,0,0,-3.43911,1.65849,121.042,7.61919,0.952399
a,2,0,0,-1.75315,5.0638,115.978,7.64541,0.955676
a,3,0,0,0.127609,12.645,103.333,7.61594,0.951992
a,1.41421,0,0,-2.0943,5.65518,97.6777,6.66633,0.952334
a,2,1,1,2.53233,0.300583,97.9783,6.63627,0.948039
a,2,1,0,1.21057,0.261292,97.717,6.64624,0.949463
ÿ,1,0,0,-3.03084,0.34201,97.375,6.63605,0.948008
ÿ,4,0,0,1.42979,0.692276,98.0673,6.64825,0.949749
ÿ,1,0,0,-4.74141,0.0839081,98.1512,6.6386,0.948354
ÿ,2.23607,0,0,2.84924,1.3996,99.5508,6.61892,0.945561
ÿ,1.41421,0,0,-2.28443,0.997833,98.5529,6.52864,0.932663
ÿ,3,0,0,0.244723,0.841583,99.3945,6.58452,0.940645
ÿ,2.23607,0,0,1.29488,0.796371,100.191,6.56413,0.937733
ÿ,0,0,0,-0.747347,0.0391312,100.23,6.62772,0.946817
ÿ,3.16228,0,0,1.85424,0.699387,100.929,6.64861,0.949802
ÿ,1,0,0,-0.976704,1.49294,99.4365,6.57147,0.938764
ÿ,2.23607,0,0,3.43952,1.67873,101.115,6.60753,0.943933
ÿ,1.41421,0,0,-1.71209,1.27432,99.8409,6.73259,0.961781
ÿ,2,0,0,4.5573,0.225319,99.6156,6.72066,0.960076
ÿ,0,0,0,-2.25434,0.62677,100.242,6.65369,0.950527
ÿ,0,0,0,0.729576,0.344391,99.898,6.70156,0.957348
ÿ,1.41421,0,0,5.21756,2.13807,102.036,6.68906,0.955579
ÿ,0,0,0,-0.362312,0.226128,102.262,6.61651,0.945216
ÿ,1.41421,0,0,-6.31564,0.385849,101.876,6.67984,0.954263
ÿ,0,0,0,1.07117,0.127602,102.004,6.70014,0.957163
ÿ,0,0,0,1.09007,0.294273,102.298,6.65587,0.950838
ÿ,1,0,0,2.32715,0.197922,102.1,6.6853,0.955043
ÿ,2,0,0,-4.71171,0.20771,101.893,6.74441,0.96347
ÿ,1,0,0,2.649,1.09122,100.801,6.75284,0.964674
ÿ,0,0,0,1.714,1.17263,101.974,6.73788,0.962555
ÿ,1,0,0,1.49082,0.0260468,101.948,6.72453,0.960647
ÿ,1,0,0,-5.79042,0.368568,101.579,6.74022,0.962871
ÿ,1,0,0,3.28444,0.0474548,101.532,6.74452,0.963503
ÿ,1,0,0,2.88729,0.911232,100.621,6.74503,0.963576
ÿ,1.41421,0,0,2.01968,0.571182,101.192,6.74629,0.963755
ÿ,1.41421,0,0,-5.5926,1.42318,99.7687,6.53471,0.933529
ÿ,1.41421,0,0,7.74426,0.614586,100.383,6.52951,0.932788
ÿ,2.23607,0,0,-4.08718,0.0464401,100.337,6.70067,0.957239
ÿ,1.41421,0,0,-5.41973,1.22092,99.1159,6.68315,0.954735
ÿ,0,0,0,0.959321,0.345924,99.4618,6.66518,0.952169
ÿ,1.41421,0,0,6.72204,0.748695,100.211,6.78873,0.969819
ÿ,1,0,0,-6.02493,0.051651,100.159,6.79221,0.970315
ÿ,0,0,0,0.649047,0.0494766,100.109,6.81133,0.973047
ÿ,1,0,0,0.106812,0.35894,99.7504,6.8485,0.978356
ÿ,1,0,0,-0.147413,0.0273438,99.7778,6.8477,0.978243
ÿ,1,0,0,5.99821,0.228729,100.007,6.83989,0.977127
ÿ,1,0,0,-0.26368,0.289497,99.717,6.8503,0.978614
ÿ,2,0,0,-9.45225,0.0555496,99.6615,6.82175,0.974536
ÿ,1.41421,0,0,7.56794,0.815544,98.8459,6.82016,0.974309
ÿ,0,0,0,-0.883536,0.0794296,98.9253,6.80662,0.972374
ÿ,2.23607,0,0,5.09744,0.682289,99.6076,6.84421,0.977745
ÿ,0,0,0,-0.969499,0.201828,99.8095,6.86055,0.980079
ÿ,1,0,0,-2.48207,0.360245,100.17,6.87,0.981428
ÿ,0,0,0,-1.72389,0.133247,100.036,6.88414,0.983448
ÿ,0,0,0,-1.1721,0.526047,99.5104,6.88247,0.98321
ÿ,1,0,0,-1.24888,0.111977,99.3984,6.88897,0.984138
ÿ,1,0,0,-0.856092,0.453285,98.9452,6.89524,0.985034
ÿ,2,0,0,-1.00024,1.45196,97.4932,6.91065,0.987236
ÿ,1.41421,0,0,-0.438414,0.269539,97.2237,6.92312,0.988999
ÿ,1,0,0,-1.09552,0.78717,98.0108,6.90355,0.986203
ÿ,1,0,0,-0.918427,0.256973,97.7539,6.87717,0.982434
ÿ,2.23607,0,0,0.290324,2.84423,100.598,6.89413,0.984857
ÿ,0,0,0,-0.928753,1.11912,101.717,6.88851,0.984055
ÿ,1,0,0,0.352657,1.49021,103.207,6.8974,0.985324
ÿ,1,0,0,0.403469,0.765511,102.442,6.9206,0.988639
ÿ,0,0,0,-0.162045,0.345421,102.787,6.91932,0.988474
ÿ,2,0,0,-3.57025,0.0156403,102.772,6.93773,0.991104
ÿ,1,0,0,-1.49204,0.224411,102.996,6.93076,0.990108
ÿ,2,0,0,1.33503,0.292221,102.704,6.9444,0.992039
ÿ,1.41421,0,0,-1.33954,0.258125,102.446,6.92958,0.98994
ÿ,2.23607,0,0,1.88804,0.905869,103.352,6.92598,0.989426
ÿ,2,0,0,-1.54043,0.161568,103.513,6.87464,0.982092
a,1,0,0,-4.65408,2.64236,95.9436,8.22041,0.913379
a,3.16228,0,0,-2.48245,2.91711,98.8607,7.38335,0.922919
a,0,0,0,-4.97718,0.881088,97.9796,7.42119,0.927648
a,2.23607,0,0,1.06319,0.278633,97.701,7.44824,0.931029
a,2,0,0,-4.60068,10.7718,108.473,7.68751,0.960886
a,2,0,0,-4.9002,6.21947,114.692,7.62213,0.952766
a,2.23607,0,0,-0.228466,4.6909,119.383,7.62812,0.953502
a,1.41421,0,0,-3.43911,1.65849,121.042,7.61919,0.952399
ÿ,4.12311,8,8,-2.57591,0.428146,103.085,6.89998,0.985712
ÿ,2.23607,1,9,2.81669,0.848122,103.933,6.82866,0.975523
ÿ,2.23607,0,9,-1.34681,1.03342,102.9,6.76705,0.966721
ÿ,1.41421,2,7,-2.06511,0.966583,101.933,6.74433,0.963475
ÿ,2.23607,0,7,4.04403,0.0277786,101.961,7.68924,0.961154
ÿ,3.16228,6,1,1.04408,0.213158,102.174,7.72483,0.965591
ÿ,1,1,0,4.44556,0.226616,101.947,7.67374,0.959218
ÿ,4,0,0,-5.73481,0.330292,101.617,7.69074,0.961343
ÿ,0,0,0,3.89784,0.000869751,101.618,7.71804,0.964755
ÿ,1.41421,0,0,3.22948,0.737411,102.355,7.70676,0.963345
ÿ,4.12311,0,0,-3.83434,1.84766,100.508,-1,-1
ÿ,3.16228,0,0,-3.10866,1.74262,98.7652,7.81065,0.976331
ÿ,1,0,0,0.299385,0.287758,99.0529,-1,-1
ÿ,1,0,0,-1.128,1.19358,100.247,-1,-1
ÿ,1.41421,0,0,0.648376,0.480034,99.7665,7.92801,0.991002
ÿ,3,0,0,-0.719079,1.78125,97.9852,7.90002,0.987502
ÿ,0,3,3,1.33897,0.338539,98.3238,7.89412,0.986765
ÿ,3.16228,3,0,-2.46996,1.06901,97.2548,7.90203,0.987753
ÿ,1,0,0,0.391167,0.127602,97.3824,-1,-1
ÿ,1,0,0,1.70269,0.220924,97.6033,-1,-1
ÿ,1,0,0,10.1496,0.274734,97.878,-1,-1
ÿ,1,1,1,-0.473471,0.0694427,97.9475,-1,-1
ÿ,1,1,0,16.7524,0.587677,98.5352,-1,-1
ÿ,1,0,0,1.06971,1.81076,100.346,-1,-1
ÿ,1,0,0,1.04133,1.19575,101.542,-1,-1
ÿ,1,0,0,21.3777,0.0173569,101.524,-1,-1
ÿ,1,0,0,-5.26802,1.00781,102.532,-1,-1
ÿ,1,0,0,-4.38918,0.572914,103.105,-1,-1
ÿ,1,0,0,19.0142,0.274307,102.831,-1,-1
ÿ,1,0,0,-12.2645,0.557732,103.388,-1,-1
ÿ,1,0,0,2.02646,2.75652,100.632,-1,-1
ÿ,1,0,0,-11.764,0.532982,100.099,-1,-1
ÿ,1,0,0,-11.1234,0.338982,99.76,-1,-1
ÿ,1,0,0,7.2058,0.669701,99.0903,-1,-1
ÿ,1,0,0,-12.1437,0.529945,98.5603,-1,-1
ÿ,1,0,0,-22.5978,0.393669,98.1667,-1,-1
ÿ,1,0,0,4.71403,0.320747,97.8459,-1,-1
ÿ,1,0,0,-4.81572,0.0295181,97.8754,-1,-1
ÿ,2,0,0,5.22117,0.28212,97.5933,6.30291,0.787864
ÿ,1.41421,0,0,-4.82774,0.695312,96.898,6.30091,0.787614
ÿ,2.23607,0,0,3.4459,0.603294,96.2947,6.27951,0.784938
ÿ,1,0,0,-1.81039,0.137589,96.1571,5.47099,0.78157
ÿ,2,0,0,3.52056,0.0221405,96.135,5.44107,0.777295
ÿ,1.41421,0,0,1.85746,1.12066,95.0143,5.42979,0.775685
ÿ,2.23607,0,0,0.615074,1.97483,96.9892,5.44386,0.777694
ÿ,3.16228,0,0,1.76556,1.62605,95.3631,5.45513,0.779305
ÿ,1,0,0,-0.781532,0.597839,95.9609,5.47966,0.782809
ÿ,1,0,0,4.18492,0.566757,96.5277,5.48254,0.783206
ÿ,2.23607,0,0,-2.04207,1.25809,95.2696,5.5979,0.799644
ÿ,1,0,0,-0.287658,0.0487976,95.3184,5.63879,0.805484
ÿ,2.23607,0,0,-0.0668786,0.310509,95.6289,5.73644,0.819476
ÿ,1,0,0,5.38085,0.309036,95.9379,5.71635,0.816606
ÿ,2,0,0,0.612432,1.08529,94.8527,5.70134,0.814461
ÿ,2.23607,0,0,0.38885,3.81135,98.664,5.7224,0.817428
ÿ,2,0,0,0.859278,3.25037,95.4136,5.671,0.810142
ÿ,1,0,0,1.63239,2.99262,98.4062,5.65105,0.807292
ÿ,1,6,6,1.91561,1.65582,100.062,5.55694,0.793848
ÿ,0,6,0,0.221748,2.85588,102.918,5.61885,0.802678
ÿ,1,0,0,0.789326,1.17558,104.094,5.53335,0.790478
ÿ,1,0,0,-0.106476,0.843155,104.937,5.5492,0.792728
ÿ,1,0,0,1.8308,2.51947,107.456,5.65854,0.808362
ÿ,1,1,1,1.17216,0.661453,106.795,5.72597,0.817996
ÿ,1,1,0,2.19779,0.903214,105.891,-1,-1
ÿ,1,0,0,-0.574724,0.175781,106.067,-1,-1
ÿ,1,0,0,-0.320536,0.381081,105.686,-1,-1
ÿ,1,0,0,0.635164,2.09505,107.781,5.73184,0.818834
ÿ,1.41421,0,0,6.77753,3.44401,111.225,6.06456,0.866366
ÿ,1.41421,0,0,3.14793,0.819016,112.044,-1,-1
ÿ,1,7,7,-0.134821,0.991325,111.053,-1,-1
ÿ,0,2,9,0.660339,1.20226,112.255,6.40933,0.915619
ÿ,1,5,4,18.0557,0.844185,111.411,-1,-1
ÿ,0,4,0,9.706,1.3954,112.806,-1,-1
ÿ,1.41421,0,0,2.55256,2.53212,110.274,-1,-1
ÿ,0,0,0,1.51538,1.1302,111.405,-1,-1
ÿ,1,0,0,-16.1971,0.203125,111.201,6.59883,0.94269
ÿ,1.41421,0,0,24.7683,4.53993,115.741,6.90148,0.985926
ÿ,0,0,0,1.22783,0.142799,115.884,-1,-1
ÿ,0,0,0,2.90054,0.806419,116.691,-1,-1
ÿ,0,0,0,0.122749,0.503906,117.194,-1,-1
ÿ,0,0,0,2.24113,1.07683,118.271,-1,-1
ÿ,0,0,0,2.70041,1.84114,120.112,-1,-1
ÿ,0,0,0,0.300476,0.615891,120.728,-1,-1
ÿ,0,0,0,2.41168,0.8368,121.565,-1,-1
ÿ,0,0,0,-1.42817,0.624565,122.19,-1,-1
ÿ,0,0,0,0.607124,0.22049,122.41,-1,-1
ÿ,0,0,0,1.26003,1.01389,123.424,-1,-1
ÿ,0,0,0,-0.119629,0.00608063,123.43,-1,-1
ÿ,0,0,0,-0.109467,0.148003,123.282,-1,-1
ÿ,0,0,0,0.314735,0.377174,122.905,-1,-1
ÿ,0,0,0,-0.406845,0.772568,122.132,-1,-1
ÿ,0,0,0,-2.23087,2.20963,119.923,-1,-1
ÿ,0,0,0,-2.36037,1.68924,118.234,-1,-1
ÿ,0,0,0,-0.935898,1.38368,116.85,-1,-1
a,1,1,1,-4.44675,1.44757,107.311,-1,-1
a,1,1,0,-0.258148,1.76763,109.078,-1,-1
a,1,0,0,1.04249,2.26043,106.818,-1,-1
a,0,2,2,1.02396,0.0433044,106.861,-1,-1
a,1,0,2,-0.315293,0.167732,106.694,-1,-1
a,1.41421,2,0,-0.533306,1.60156,105.092,-1,-1
a,1,0,0,0.0979795,0.167969,105.26,-1,-1
a,0,0,0,-0.0650063,0.0885391,105.171,-1,-1
a,0,0,0,0.0375843,0.0690079,105.24,-1,-1
a,0,0,0,0.0684586,0.0386276,105.202,-1,-1
a,1,0,0,0.564822,0.0668411,105.135,-1,-1
a,0,0,0,0.0303173,0.098526,105.234,-1,-1
a,0,1,1,0.0465765,0.0993958,105.333,-1,-1
a,0,0,1,-0.0200243,0.0338516,105.367,-1,-1
a,0,1,0,-0.714185,1.88814,107.255,-1,-1
a,2.23607,1,1,-2.0432,5.35948,101.895,-1,-1
a,1,1,0,1.47508,1.41579,103.311,-1,-1
a,2.82843,0,0,-2.3138,2.4603,100.851,-1,-1
a,2.23607,0,0,-0.315669,3.47481,97.3761,-1,-1
a,2.23607,0,0,-4.4709,3.16077,94.2153,-1,-1
a,2.23607,1,1,-3.4804,0.180603,94.0347,-1,-1
a,2.23607,1,0,-7.4217,0.503906,93.5308,-1,-1
a,7.07107,0,0,-12.9653,4.0421,97.5729,-1,-1
a,2,0,0,-3.20745,2.38976,99.9627,-1,-1
a,3.16228,0,0,-39.7464,5.73438,105.697,-1,-1
a,0,0,0,-4.08937,1.9553,103.742,-1,-1
a,0,0,0,3.29301,1.84592,101.896,-1,-1
a,0,0,0,6.03531,4.22527,97.6706,-1,-1
a,1.41421,0,0,6.07752,5.9796,91.691,-1,-1
a,0,0,0,-1.58113,1.33376,90.3572,-1,-1
a,0,0,0,0.804234,0.841148,89.5161,-1,-1
ÿ,1.41421,8,8,0.608963,4.07031,85.4457,-1,-1
ÿ,2.23607,5,3,-1.30043,0.747833,84.6979,-1,-1
ÿ,1.41421,3,0,-2.32181,0.986549,85.6845,-1,-1
ÿ,1,0,0,1.60761,1.25694,86.9414,-1,-1
ÿ,1,0,0,-0.10202,1.21354,88.1549,-1,-1
ÿ,0,0,0,0.163929,0.380203,87.7747,-1,-1
ÿ,1.41421,0,0,-6.30154,0.985237,88.76,-1,-1
ÿ,1,0,0,-2.2144,2.24133,91.0013,-1,-1
ÿ,0,0,0,0.25219,0.0364609,90.9648,-1,-1
ÿ,0,0,0,0.763321,0.259979,90.7049,-1,-1
ÿ,0,0,0,0.774059,1.03777,89.6671,-1,-1
ÿ,0,0,0,0.587898,0.723091,88.944,-1,-1
ÿ,0,0,0,0.0715141,0.151909,88.7921,-1,-1
ÿ,0,0,0,0.395317,0.240448,88.5517,-1,-1
ÿ,0,0,0,0.377998,0.0611954,88.6128,-1,-1
ÿ,0,0,0,0.228252,0.0195312,88.5933,-1,-1
ÿ,0,0,0,0.238163,0.15451,88.4388,-1,-1
ÿ,0,0,0,0.276493,0.0394974,88.4783,-1,-1
ÿ,0,0,0,-0.894577,0.161888,88.6402,-1,-1
ÿ,0,0,0,0.664886,0.0850677,88.7253,-1,-1
ÿ,0,0,0,-0.723873,0.472221,89.1975,-1,-1
ÿ,0,0,0,-0.385708,0.63195,89.8294,3.04908,1
ÿ,1.41421,0,0,-0.874706,3.45876,93.2882,-1,-1
ÿ,0,0,0,0.115196,0.511284,93.7995,-1,-1
ÿ,0,0,0,-1.37747,0.450958,94.2504,-1,-1
ÿ,0,0,0,-1.06447,0.888451,95.1389,-1,-1
a,0,0,0,-0.147875,0.0238647,104.092,3.74662,0.936654
a,0,0,0,0.194435,0.0173645,104.074,3.85502,0.963755
a,1,0,0,0.0571766,1.8967,105.971,3.8404,0.9601
a,0,0,0,0.404299,0.0460129,106.017,3.83344,0.958359
a,1,0,0,-0.366617,1.59766,104.419,3.80211,0.950527
a,1,0,0,0.487032,2.20616,106.625,3.8223,0.955575
a,1,0,0,-0.0112019,1.93099,104.694,3.82232,0.955579
a,0,0,0,-0.232006,0.12326,104.571,3.78086,0.945216
a,0,0,0,0.118219,0.183159,104.388,3.81705,0.954263
a,0,0,0,-0.137596,0.000862122,104.389,3.82865,0.957163
a,0,0,0,0.414082,0.0490494,104.438,3.80335,0.950838
a,0,0,0,-0.0600758,0.051651,104.386,3.82017,0.955043
a,0,0,0,-0.369492,0.253471,104.133,3.8473,0.961825
ÿ,0,0,0,0.200264,1.13542,96.2743,-1,-1
ÿ,0,0,0,-0.723309,1.02387,97.2982,-1,-1
ÿ,0,0,0,-1.251,0.377602,97.6758,-1,-1
ÿ,0,0,0,0.283813,0.104599,97.5712,-1,-1
ÿ,0,0,0,-0.489883,0.0416718,97.5295,-1,-1
ÿ,1,0,0,2.65482,2.59115,100.121,-1,-1
ÿ,0,0,0,-0.715393,0.0776901,100.043,-1,-1
ÿ,0,0,0,-0.692253,0.0585938,100.102,-1,-1
ÿ,0,0,0,-0.275539,0.00216675,100.104,-1,-1
ÿ,0,0,0,0.310108,0.349396,100.453,-1,-1
ÿ,0,0,0,1.74705,0.820747,101.274,-1,-1
ÿ,0,0,0,1.35014,1.2717,102.546,-1,-1
ÿ,0,0,0,3.8106,1.49566,104.041,-1,-1
ÿ,0,0,0,7.6266,0.896706,104.938,3.71059,0.927648
ÿ,1,0,0,5.70252,0.679253,104.259,3.72412,0.931029
ÿ,5.09902,0,0,25.3158,8.97527,95.2834,3.8318,0.95795
ÿ,3,0,0,6.13495,1.5658,93.7176,3.82398,0.955941
ÿ,2,0,0,5.39262,0.121193,93.8388,3.82058,0.95509
ÿ,4,0,0,6.65414,1.32528,92.5135,3.82256,0.955586
ÿ,1.41421,0,0,1.05239,1.82767,94.3412,3.84724,0.961601
ÿ,4.12311,1,1,8.56174,6.23939,100.581,3.82098,0.955192
ÿ,2,1,0,1.34199,1.74493,102.326,3.80933,0.952334
ÿ,1,0,0,0.762326,0.503784,101.822,3.80568,0.951367
ÿ,2,0,0,0.634879,1.35317,103.175,3.79785,0.949463
ÿ,1.41421,0,0,-0.310074,1.32726,104.502,3.79203,0.948008
ÿ,1,0,0,-0.0568991,0.994354,103.508,3.799,0.949749
ÿ,0,0,0,-0.457592,0.219543,103.288,3.78564,0.94641
ÿ,0,0,0,0.0418596,0.514397,102.774,3.78224,0.945561
ÿ,1.41421,0,0,1.16864,1.22309,103.997,3.73065,0.932663
ÿ,1,0,0,-0.529493,2.43036,106.427,3.77701,0.9442
ÿ,0,0,0,0.940037,2.25545,104.172,3.78827,0.947068
ÿ,0,0,0,-0.00887871,0.0464401,104.125,3.78727,0.946817
ÿ,0,0,0,-0.0408611,0.00998688,104.115,3.79921,0.949802
a,0,0,0,-0.147875,0.0238647,104.092,3.74662,0.936654
a,0,0,0,0.194435,0.0173645,104.074,3.85502,0.963755
a,1,0,0,0.0571766,1.8967,105.971,3.8404,0.9601
a,0,0,0,0.404299,0.0460129,106.017,3.83344,0.958359
a,1,0,0,-0.366617,1.59766,104.419,3.80211,0.950527
a,1,0,0,0.487032,2.20616,106.625,3.8223,0.955575
a,1,0,0,-0.0112019,1.93099,104.694,3.82232,0.955579
a,0,0,0,-0.232006,0.12326,104.571,3.78086,0.945216
a,0,0,0,0.118219,0.183159,104.388,3.81705,0.954263
a,0,0,0,-0.137596,0.000862122,104.389,3.82865,0.957163
a,0,0,0,0.414082,0.0490494,104.438,3.80335,0.950838
a,0,0,0,-0.0600758,0.051651,104.386,3.82017,0.955043
a,0,0,0,-0.369492,0.253471,104.133,3.8473,0.961825
a,0,0,0,0.0419712,0.457031,104.59,3.85223,0.963056
a,0,0,0,-0.261623,0.259117,104.331,3.85022,0.962555
a,0,0,0,-0.0478687,0.00650787,104.324,3.84259,0.960647
a,1,0,0,0.43059,0.26606,104.59,3.84485,0.961213
a,1,0,0,0.971941,1.4171,106.007,3.85401,0.963503
a,2,0,0,-1.50989,0.96888,106.976,3.86567,0.966364
a,1.41421,0,0,1.4114,4.22626,102.75,-1,-1
a,1,0,0,0.00417328,0.0030365,102.753,3.73412,0.933529
ÿ,2.23607,0,0,0.134146,3.66537,106.418,3.73115,0.932788
ÿ,0,0,0,0.0041008,0,106.418,3.82896,0.957239
ÿ,1,0,0,7.73215,2.01823,108.437,3.81894,0.954735
ÿ,1.41421,0,0,0.851318,1.56337,110,3.80867,0.952169
ÿ,4.12311,0,0,-8.55657,7.37717,102.623,3.87927,0.969819
ÿ,1.41421,0,0,-0.16357,2.39626,105.019,3.88126,0.970315
ÿ,2.82843,0,0,7.62434,3.27084,108.29,3.89219,0.973047
ÿ,0,0,0,0.295618,0.371964,108.662,3.91343,0.978356
ÿ,0,0,0,3.79313,0.00737762,108.669,3.91297,0.978243
ÿ,1,0,0,-0.800728,1.84071,110.51,3.90851,0.977127
ÿ,1,0,0,0.167662,0.154518,110.664,3.91446,0.978614
ÿ,2.23607,1,1,-10.741,4.30209,106.362,3.89814,0.974536
ÿ,0,0,1,0.163355,0.0473099,106.41,3.89724,0.974309
ÿ,0,0,1,0.25469,0.042099,106.452,3.8895,0.972374
ÿ,0,0,1,0,0,106.452,3.91098,0.977745
ÿ,0,0,1,-0.250618,0.00434113,106.456,3.92032,0.980079
ÿ,1,0,1,-0.0711517,0.270401,106.727,3.92571,0.981428
ÿ,1,0,1,-0.192793,0.338104,106.388,3.93379,0.983448
ÿ,1.41421,0,1,0.0287628,1.55556,104.833,3.93284,0.98321
ÿ,1,0,1,-0.443211,1.95009,106.783,3.93655,0.984138
ÿ,1,0,1,-0.239876,1.78851,104.994,3.94013,0.985034
ÿ,1.41421,0,1,0.395555,1.42566,106.42,3.94894,0.987236
ÿ,0,0,1,-0.17539,0.0403595,106.38,3.95233,0.988082
ÿ,1,0,1,0.0134335,0.263016,106.643,3.94072,0.985179
ÿ,0,0,1,-0.0892963,0,106.643,3.92513,0.981283
ÿ,0,0,1,-0.0210133,0,106.643,3.93514,0.983786
ÿ,0,0,1,0,0,106.643,3.93182,0.982956
ÿ,0,0,1,-0.255533,0.0694427,106.573,3.93708,0.984269
ÿ,0,0,1,0.113598,0.123695,106.45,3.95083,0.987708
ÿ,0,0,1,0.253563,0.00216675,106.452,3.9539,0.988474
ÿ,0,0,1,-0.161259,0.0742188,106.526,3.96441,0.991104
ÿ,0,1,0,-0.018734,0.128036,106.398,3.96043,0.990108
ÿ,0,0,0,-0.351213,0.134117,106.264,3.96502,0.991256
ÿ,0,1,1,-0.0885487,0.244789,106.019,3.95976,0.98994
ÿ,0,0,1,0.0741253,0.000434875,106.02,3.9577,0.989426
ÿ,1.41421,1,0,5.1664,1.73134,107.751,3.92837,0.982092
ÿ,0,0,0,-0.192749,0.293404,107.457,3.94285,0.985712
ÿ,0,0,0,0.512484,0.280815,107.738,3.90209,0.975523
ÿ,0,0,0,-0.459322,0.000434875,107.738,3.86689,0.966721
ÿ,0,0,0,1.20325,0.0169296,107.755,3.8539,0.963475
ÿ,1,0,0,-6.15236,2.07031,105.684,3.84462,0.961154
ÿ,1,0,0,8.3772,2.0256,107.71,3.85678,0.964195
ÿ,0,0,0,-0.0775814,0.00216675,107.708,3.83687,0.959218
ÿ,1.41421,0,0,-7.85226,2.09288,105.615,3.84537,0.961343
ÿ,1,0,0,0.0619755,0.130638,105.746,3.85902,0.964755
ÿ,0,0,0,0,0,105.746,3.85338,0.963345
ÿ,0,0,0,0.235485,0.130646,105.876,3.87069,0.967672
ÿ,0,2,2,-0.522396,0.339844,106.216,3.90532,0.976331
ÿ,1,0,2,0.00510979,1.9809,104.235,3.91642,0.979106
ÿ,0,0,2,0,0,104.235,3.92631,0.981577
ÿ,0,0,2,0,0,104.235,3.96401,0.991002
ÿ,0,0,2,-0.0230942,0.120224,104.355,3.95001,0.987502
ÿ,1,0,2,0.11319,1.99826,106.354,3.94706,0.986765
ÿ,0,2,4,0.300192,0.0368958,106.391,3.95101,0.987753
ÿ,1,0,4,0.101849,1.98351,104.407,3.93387,0.983467
ÿ,1,0,4,-0.183273,1.90191,102.505,3.92567,0.981418
ÿ,1,2,2,0.418915,2.0651,104.57,3.88837,0.972092
ÿ,0,0,2,0.318073,0.240883,104.811,3.84477,0.961194
ÿ,1,0,2,0.0246029,1.97961,106.791,3.7547,0.938676
ÿ,1,0,2,11.8818,2.08116,108.872,3.71959,0.929898
ÿ,0,0,2,-0.416704,0.0078125,108.864,3.65101,0.912753
ÿ,0,0,2,-0.409945,0.0321198,108.896,3.65646,0.914115
ÿ,0,0,2,0,0,108.896,3.65489,0.913721
ÿ,1,0,2,-12.336,1.97179,106.924,3.69719,0.924298
ÿ,1,0,2,10.9842,1.88672,108.811,3.68958,0.922396
ÿ,0,0,2,-5.53131e-05,0.00217438,108.813,3.66121,0.915301
ÿ,1,0,2,-11.4929,1.96962,106.844,3.49445,0.873613
ÿ,0,0,2,-0.297127,0.00390625,106.84,3.34821,0.837053
ÿ,0,0,2,0.00802803,0.0208359,106.819,3.30308,0.825769
ÿ,1.41421,0,2,-0.504969,0.682213,107.501,3.06948,0.767328
ÿ,1,1,1,0.0836926,0.41626,107.085,3.09765,0.774369
ÿ,1,1,0,0.58984,1.7985,105.286,3.11448,0.77862
ÿ,0,0,0,-0.0789413,0.115448,105.402,3.17133,0.792831
ÿ,0,0,0,-0.355125,0.0789948,105.323,3.17446,0.793615
ÿ,1,0,0,-0.358568,2.32362,107.647,3.17764,0.794365
ÿ,0,1,1,-0.156507,0.442863,107.204,3.17665,0.794119
ÿ,2,6,7,0.218632,0.0228806,107.181,3.19138,0.797673
ÿ,1,0,7,-0.224342,0.0924149,107.273,3.17826,0.794393
ÿ,0,0,7,0.182873,0.224403,107.049,3.16161,0.790231
ÿ,1.41421,0,7,-0.161892,1.5308,108.58,3.15533,0.788662
ÿ,1,0,7,-0.0106363,1.9664,106.613,3.16316,0.79062
ÿ,0,0,7,0.138436,0.325996,106.287,3.16944,0.792188
ÿ,1,0,7,-0.319003,0.39341,105.894,3.15769,0.789379
ÿ,1,1,8,0.249764,2.21564,103.678,3.11766,0.779415
ÿ,1,1,7,-0.453903,1.38557,105.064,3.19569,0.798877
ÿ,1,0,7,4.78347,1.91254,106.976,3.21909,0.804727
ÿ,0,2,5,-0.552422,0.0766296,106.9,3.2885,0.822078
ÿ,0,0,5,-0.0994358,0,106.9,3.27709,0.819226
ÿ,0,0,5,-0.216204,0.00374603,106.903,3.26857,0.817096
ÿ,1,0,5,-3.69367,2.1187,104.785,3.26695,0.816693
a,0,0,0,-1.39041,0.299042,132.124,-1,-1
a,0,0,0,0.0314026,0.016922,132.107,-1,-1
a,0,0,0,0.304443,0.539932,132.647,-1,-1
a,1,0,0,-0.407379,0.80426,131.843,-1,-1
a,0,3,3,1.08687,0.674042,132.517,-1,-1
a,0,2,1,0.0579224,0.110245,132.627,-1,-1
a,1,0,1,0.483345,2.2756,134.903,-1,-1
a,0,0,1,-1.38844,0.201828,135.105,-1,-1
a,0,1,0,-0.654961,0.161453,134.943,-1,-1
a,0,0,0,-0.395866,0.0993958,135.043,-1,-1
a,0,0,0,-0.620651,0.355026,135.398,-1,-1
a,0,0,0,0.0751343,0.15625,135.554,-1,-1
a,0,0,0,-0.295547,0.543411,136.097,-1,-1
a,0,0,0,-0.293411,0.00346375,136.101,-1,-1
a,0,0,0,-0.76104,0.46701,136.568,-1,-1
a,1,0,0,-0.309547,1.50999,138.078,-1,-1
a,0,1,1,1.02216,0.346344,138.424,-1,-1
a,0,1,0,1.22623,0.114151,138.31,-1,-1
ÿ,1,0,5,-0.0442858,0.372063,105.157,3.26549,0.816327
ÿ,1,0,5,0.0728531,0.315842,104.841,3.25426,0.813519
ÿ,0,0,5,0,0,104.841,3.20125,0.800267
ÿ,0,0,5,0,0,104.841,3.22173,0.805386
ÿ,1,0,5,-0.105251,0.31987,105.161,3.18795,0.796943
ÿ,1.41421,2,7,6.96055,1.82965,106.99,3.18217,0.795497
ÿ,0,0,7,0.277134,0.0304108,107.021,3.25848,0.814574
ÿ,0,0,7,0.0715446,0,107.021,3.29644,0.824063
ÿ,0,0,7,0.171164,0,107.021,3.2308,0.807655
ÿ,0,0,7,-0.036808,0.00250244,107.018,3.03887,0.759674
ÿ,0,0,7,-1.19832,0.0812149,106.937,3.2493,0.812279
ÿ,1,0,7,-6.32148,1.88505,105.052,3.29974,0.824889
ÿ,0,0,7,0,0,105.052,3.4867,0.871625
ÿ,1,0,7,6.9859,2.06872,107.121,3.50362,0.875857
ÿ,1.41421,0,7,-6.81464,1.63182,105.489,3.6486,0.912098
ÿ,0,0,7,-0.078577,0,105.489,3.67957,0.91984
ÿ,1.41421,0,7,-0.399921,0.380455,105.109,3.80276,0.950691
ÿ,0,0,7,8.09582,2.37754,107.486,3.73159,0.932846
ÿ,0,0,7,-6.30324,1.83723,105.649,3.72732,0.93183
ÿ,0,0,7,0.089735,0,105.649,3.75093,0.937733
ÿ,0,0,7,-0.000728607,0,105.649,3.77076,0.94269
ÿ,0,0,7,-0.199118,0,105.649,3.83946,0.959866
ÿ,0,0,7,-0.00883102,0,105.649,3.89998,0.974996
ÿ,0,0,7,0,0,105.649,3.88099,0.970248
ÿ,0,0,7,-0.166616,0,105.649,3.88996,0.972491
ÿ,0,0,7,0.201925,0.327629,105.321,3.91565,0.978911
ÿ,0,0,7,-0.00230026,0.344208,105.665,3.92416,0.981039
ÿ,0,0,7,-0.142389,0.00467682,105.67,3.92449,0.981121
ÿ,0,0,7,0.144867,0,105.67,3.93758,0.984396
ÿ,1,2,5,4.03454,3.91802,109.588,3.96399,0.990943
ÿ,1,0,5,-0.229473,1.92795,107.66,3.96311,0.990721
ÿ,0,0,5,-0.0289135,0,107.66,3.96224,0.990503
ÿ,0,0,5,0,0,107.66,3.95888,0.989665
ÿ,1,0,5,-0.1308,1.95544,109.616,3.95711,0.989221
ÿ,0,0,5,0.0579453,0.0308228,109.585,3.95461,0.988596
ÿ,0,0,5,-0.145348,0,109.585,3.9518,0.987893
ÿ,1,0,5,0.103432,2.04915,107.536,3.93905,0.984708
ÿ,0,0,5,-0.0102749,0.000839233,107.536,3.95253,0.988076
ÿ,0,0,5,0,0,107.536,3.95081,0.987648
ÿ,0,1,1,-0.358841,0.0811691,121.724,-1,-1
ÿ,1,0,1,-2.2051,1.82336,119.901,-1,-1
ÿ,1,1,0,6.36008,1.41623,118.485,4,1
ÿ,1,0,0,-1.65198,0.973961,119.459,-1,-1
ÿ,0,0,0,-0.968636,0.74305,120.202,-1,-1
ÿ,0,0,0,0.566383,0.667099,119.535,4,1
ÿ,2.23607,2,2,4.52719,4.82378,114.711,5,1
ÿ,2.23607,2,0,-7.01157,5.89453,120.605,4,1
ÿ,1,6,6,-2.86967,0.151909,120.454,4,1
ÿ,0,4,2,0.381241,0.315971,120.77,4,1
ÿ,0,0,2,-0.289597,0.148003,120.918,4,1
ÿ,1,5,7,0.0585098,2.27951,118.638,1.55087,0.387695
ÿ,1,0,7,0.311882,1.55078,120.189,-1,-1
ÿ,0,0,7,2.09457,1.91492,122.104,5,1
ÿ,0,0,7,0.464973,0.0499191,122.154,5,1
ÿ,1.41421,4,3,-1.38012,3.54253,125.696,-1,-1
ÿ,0,1,2,-0.714523,0.364578,126.061,-1,-1
ÿ,0,0,2,-0.524696,0.0915833,126.152,-1,-1
ÿ,0,2,0,-4.72949,0.486115,126.638,-1,-1
ÿ,0,0,0,1.00555,0.0894165,126.549,-1,-1
ÿ,0,3,3,0.165207,0.608948,127.158,-1,-1
ÿ,0,1,2,-0.0960388,0.0117188,127.146,-1,-1
ÿ,0,0,2,-0.626556,0.0447006,127.191,-1,-1
ÿ,0,0,2,0.702904,0.006073,127.185,-1,-1
ÿ,0,1,1,-0.0640106,0.0685806,127.116,-1,-1
ÿ,1,0,1,0.789581,0.854172,127.97,-1,-1
a,0,0,1,-0.258148,0,127.97,-1,-1
a,0,0,1,0.263809,0.0802917,128.051,-1,-1
a,0,0,1,-0.316162,0.0243073,128.026,-1,-1
a,0,0,1,0.601646,0.42231,127.604,-1,-1
a,0,0,1,0.150192,0.241318,127.363,-1,-1
a,0,0,1,2.1536,0.353294,127.01,-1,-1
a,0,8,9,-1.30645,0.487846,127.497,-1,-1
a,0,4,13,-1.11441,1.14236,126.355,-1,-1
a,0,4,9,0.0447922,0.203995,126.559,-1,-1
a,0,0,9,-0.538986,0.0512161,126.61,-1,-1
a,0,2,7,2.2718,0.482643,126.128,1.14332,0.285829
ÿ,1,0,7,-1.22588,1.05772,125.07,1.15632,0.289079
ÿ,1.41421,0,7,-3.03737,2.40321,127.473,-1,-1
ÿ,0,2,9,0.352913,0.4375,127.036,-1,-1
ÿ,0,2,7,1.50533,0.571182,126.464,-1,-1
ÿ,0,1,6,-0.955566,0.661026,125.803,-1,-1
ÿ,0,3,3,-0.000823975,0.424477,125.379,1.1944,0.2986
ÿ,1,0,3,1.91156,1.33334,126.712,-1,-1
ÿ,0,3,0,-1.65755,1.11805,127.83,-1,-1
ÿ,0,0,0,-0.564621,0.861107,126.969,-1,-1
ÿ,0,0,0,1.20948,0.122833,126.846,-1,-1
ÿ,0,0,0,-0.794975,0.0364609,126.883,-1,-1
ÿ,0,0,0,-1.36298,0.411461,126.471,-1,-1
ÿ,0,0,0,-0.259895,0.129776,126.601,-1,-1
ÿ,0,0,0,0.106354,0.0125885,126.614,-1,-1
ÿ,0,0,0,0.398232,0.0169296,126.597,-1,-1
ÿ,1,0,0,-0.117134,2.07205,128.669,-1,-1
ÿ,0,0,0,-0.482796,0.0282135,128.697,-1,-1
ÿ,0,0,0,-0.0155716,0.180557,128.878,-1,-1
ÿ,0,0,0,-0.0384521,0.0273438,128.905,-1,-1
a,0,1,1,5.53493,0.355469,128.549,-1,-1
a,0,1,0,0.118217,0.191406,128.358,-1,-1
a,0,0,0,-4.31045,0.246094,128.604,-1,-1
a,0,0,0,0.489037,0.0355988,128.569,-1,-1
a,0,0,0,0.487679,0.472229,129.041,-1,-1
a,1,0,0,-3.68008,2.14757,131.188,-1,-1
a,0,0,0,-0.11721,0.262589,131.451,-1,-1
a,0,0,0,-0.662628,0.37413,131.825,-1,-1
a,0,0,0,-1.39041,0.299042,132.124,-1,-1
a,0,0,0,0.0314026,0.016922,132.107,-1,-1
a,0,0,0,0.304443,0.539932,132.647,-1,-1
a,1,0,0,-0.407379,0.80426,131.843,-1,-1
a,0,3,3,1.08687,0.674042,132.517,-1,-1
a,0,2,1,0.0579224,0.110245,132.627,-1,-1
a,1,0,1,0.483345,2.2756,134.903,-1,-1
a,0,0,1,-1.38844,0.201828,135.105,-1,-1
a,0,1,0,-0.654961,0.161453,134.943,-1,-1
a,0,0,0,-0.395866,0.0993958,135.043,-1,-1
a,0,0,0,-0.620651,0.355026,135.398,-1,-1
a,0,0,0,0.0751343,0.15625,135.554,-1,-1
a,0,0,0,-0.295547,0.543411,136.097,-1,-1
a,0,0,0,-0.293411,0.00346375,136.101,-1,-1
a,0,0,0,-0.76104,0.46701,136.568,-1,-1
a,1,0,0,-0.309547,1.50999,138.078,-1,-1
a,0,1,1,1.02216,0.346344,138.424,-1,-1
a,0,1,0,1.22623,0.114151,138.31,-1,-1
a,0,0,0,-0.771217,0.0989685,138.409,-1,-1
a,0,0,0,0.26178,0.149307,138.26,-1,-1
a,0,0,0,-0.417358,0.127167,138.387,-1,-1
a,0,0,0,-1.18348,0.0868073,138.3,-1,-1
a,0,0,0,-0.285179,0.281693,138.582,-1,-1
a,0,0,0,-1.05918,0.175781,138.406,-1,-1
a,0,0,0,0.417274,0.223526,138.182,-1,-1
a,1,0,0,-0.483047,1.22482,139.407,-1,-1
a,0,0,0,0.551376,0.15538,139.252,-1,-1
a,0,0,0,0.205574,0.638458,138.613,-1,-1
a,1,2,2,2.51998,1.06989,137.543,-1,-1
a,0,1,1,-1.16235,1.26476,136.279,-1,-1
a,0,0,1,3.00591,1.03558,135.243,-1,-1
a,0,1,0,2.11983,0.97049,134.273,-1,-1
a,0,0,0,0.71032,2.26085,132.012,-1,-1
a,0,0,0,0.48909,1.64192,130.37,-1,-1
a,1,0,0,-0.643753,0.910583,131.28,-1,-1
a,0,0,0,1.04095,0.228729,131.052,-1,-1
a,0,0,0,-0.43644,0.063797,130.988,-1,-1
a,0,0,0,-0.726067,0.391495,130.596,-1,-1
a,0,0,0,0.304169,0.192719,130.404,-1,-1
a,0,0,0,-0.952713,1.14757,129.256,-1,-1
a,0,0,0,-2.1177,0.326385,128.93,-1,-1
a,0,0,0,-0.757645,0.174042,128.756,-1,-1
a,0,0,0,-0.717918,0.441406,128.314,-1,-1
a,1,0,0,-3.32306,1.20355,129.518,-1,-1
a,0,0,0,1.37583,1.25043,128.267,-1,-1
a,0,0,0,0.264084,1.5013,126.766,-1,-1
a,0,0,0,-0.35582,1.36546,125.401,-1,-1
a,0,0,0,1.45687,1.86848,123.532,-1,-1
a,0,0,0,0.629387,0.596359,122.936,-1,-1
a,0,0,0,2.50552,3.33941,119.596,-1,-1
a,0,0,0,2.44618,0.728294,118.868,-1,-1
a,0,0,0,4.1555,1.63499,117.233,-1,-1
a,1,0,0,1.41144,2.49739,114.736,2.0412,0.510301
a,1.41421,0,0,2.53029,2.2309,116.967,2.01613,0.504033
a,3.16228,0,0,-0.191704,0.361115,116.605,1.99136,0.497841
a,1,0,0,0.0555038,3.1046,113.501,1.99136,0.497841
a,0,0,0,-1.53795,0.378036,113.123,1.20424,0.30106
a,1,0,0,0.283905,0.293831,113.417,1.90897,0.477242
a,2.23607,0,0,1.03026,6.08767,107.329,1.90897,0.477241
a,1.41421,0,0,5.36728,2.13933,105.19,1.17032,0.29258
a,2.23607,16,16,4.05105,2.8572,102.332,1.15047,0.287617
a,2,29,45,1.16373,4.34896,97.9835,1.151,0.287751
a,1,16,29,6.16098,0.525612,98.5091,1.07637,0.269078
a,2.23607,24,53,-0.633347,3.69141,94.8177,-1,-1
a,2.82843,95,148,-0.995541,5.08941,89.7283,1.16227,0.290567
a,1.41421,8,156,-1.31648,0.748695,90.477,-1,-1
a,1.41421,6,162,-0.0736656,1.00347,91.4805,1.13324,0.28331
a,1,19,143,0.538208,0.137589,91.3429,-1,-1
a,0,0,143,0.0232658,0.490448,90.8524,-1,-1
a,1,26,169,0.248127,2.52691,88.3255,1.03334,0.258278
a,1,13,156,0.310455,0.591576,88.9171,-1,-1
a,1,16,140,0.390934,1.11155,90.0286,1.03054,0.257579
a,1,1,141,0.146416,0.944443,90.9731,-1,-1
a,0,3,144,-0.182793,0.174477,90.7986,-1,-1
a,0,1,145,-0.146988,0.404953,90.3937,1.02824,0.257004
a,0,1,144,-0.32156,0.0347214,90.3589,1.04598,0.261479
a,1,22,122,0.311443,1.4744,91.8333,-1,-1
a,0,13,135,-1.207,0.181854,92.0152,-1,-1
a,1,5,140,-0.560875,0.194878,91.8203,1.3509,0.337706
a,1,21,119,-1.70945,0.355904,92.1762,-1,-1
a,0,0,119,0.285934,0.411888,92.5881,-1,-1
a,0,1,120,0.212303,0.0217056,92.6098,-1,-1
a,1,19,101,0.0400696,0.934464,93.5443,-1,-1
a,0,0,101,0.0362396,0.201393,93.3429,-1,-1
a,0,2,99,0.277626,1.48438,94.8273,-1,-1
a,1,21,78,1.28561,0.305557,95.1328,-1,-1
a,0,5,73,-0.491974,1.00651,96.1393,-1,-1
a,0,1,72,0.808372,0.768669,96.908,-1,-1
a,1,17,89,0.136974,0.220482,97.1285,1.50235,0.375567
a,1,5,84,-1.84301,0.76606,97.8945,1.52027,0.380045
a,0,2,82,-0.948429,0.269531,98.1641,1.52488,0.3812
a,1,11,93,1.62619,0.980034,97.184,1.53593,0.38396
a,1.41421,7,86,4.432,0.0746536,97.1094,1.53355,0.383367
a,1.41421,24,110,-4.88374,1.84158,95.2678,1.45595,0.363967
a,1.41421,21,89,-1.25801,2.69445,97.9622,1.03686,0.259199
a,2.23607,20,69,-5.07084,5.66363,103.626,1.03686,0.259199
a,2.23607,30,39,-0.49847,4.78125,108.407,1.49906,0.374744
a,1,0,39,-4.65044,2.89106,111.298,1.0484,0.262085
a,2.23607,14,25,-1.10577,3.25434,114.553,1.0431,0.260761
a,1,6,19,-5.63854,2.79774,117.35,-1,-1
a,1,16,3,3.65842,1.82899,119.179,-1,-1
a,1.41421,0,3,-0.448029,1.62413,117.555,1.37311,0.343259
a,0,0,3,-0.952347,1.60026,119.155,-1,-1
a,0,0,3,-0.834038,1.4974,120.653,-1,-1
a,0,2,1,-3.2041,2.88194,123.535,-1,-1
a,0,1,0,-3.44791,1.09592,124.631,-1,-1
a,0,0,0,1.17155,1.47308,126.104,-1,-1
a,0,0,0,-0.541061,1.40842,127.512,-1,-1
a,0,0,0,-1.68253,1.70573,129.218,-1,-1
a,0,0,0,-0.612541,1.50044,130.718,-1,-1
a,0,0,0,-0.0242767,0.445312,131.164,-1,-1
a,0,0,0,-1.01586,0.823349,131.987,-1,-1
a,0,0,0,-1.80871,1.38454,133.372,-1,-1
a,0,0,0,0.0939255,0.0625,133.434,-1,-1
a,0,0,0,0.0914078,0.233063,133.201,-1,-1
a,0,0,0,0.341995,0.18663,133.014,-1,-1
a,0,0,0,0.175674,0.503906,132.51,-1,-1
a,0,0,0,0.241043,0.578568,131.932,-1,-1
a,0,0,0,0.263222,0.128464,131.803,-1,-1
a,0,0,0,1.10843,0.620667,131.183,-1,-1
a,0,0,0,-1.17614,0.0581512,131.125,-1,-1
a,0,0,0,0.158104,0.953125,130.171,-1,-1
