0 109 0
0 110 1
0 111 0
0 112 0
0 113 0
0 114 0
0 115 0
0 116 0
0 117 1
0 118 0
0 119 0
0 120 0
0 121 0
0 122 0
0 123 0
0 124 0
0 125 1
0 126 0
0 127 0
0 128 0
0 129 0
0 130 0
0 131 0
0 132 1
0 133 0
0 134 0
0 135 0
0 136 0
0 137 0
0 138 0
0 139 0
0 140 1
0 141 0
0 142 0
0 143 0
0 144 0
0 145 0
0 146 0
0 147 1
0 148 0
0 149 0
0 150 0
0 151 0
0 152 0
0 153 0
0 154 0
0 155 1
0 156 0
0 157 0
0 158 0
0 159 0
0 160 0
0 161 0
0 162 1
0 163 0
0 164 0
0 165 0
0 166 0
0 167 0
0 168 0
0 169 0
0 170 1
0 171 0
0 172 0
0 173 0
0 174 0
0 175 0
0 176 0
0 177 1
0 178 0
0 179 0
0 180 0
0 181 0
0 182 0
0 183 0
0 184 0
0 185 1
0 186 0
0 187 0
0 188 0
0 189 0
0 190 0
0 191 0
0 192 1.41421
0 193 0
0 194 0
0 195 0
0 196 0
0 197 0
0 198 0
0 199 0
0 200 1
0 201 0
0 202 0
0 203 0
0 204 0
0 205 0
0 206 0
0 207 1
0 208 0
0 209 0
0 210 0
0 211 0
0 212 0
0 213 0
0 214 0
0 215 1
0 216 0
0 217 0
0 218 0
0 219 0
0 220 0
0 221 0
0 222 1
0 223 0
0 224 0
0 225 0
0 226 0
0 227 0
0 228 0
0 229 0
0 230 1
0 231 0
0 232 0
0 233 0
0 234 0
0 235 0
0 236 0
0 237 1
0 238 0
0 239 0
0 240 0
0 241 0
0 242 0
0 243 0
0 244 0
0 245 1
0 246 0
0 247 0
0 248 0
0 249 0
0 250 0
0 251 0
0 252 1
0 253 0
0 254 0
0 255 0
0 256 0
0 257 0
0 258 0
0 259 0
0 260 1
0 261 0
0 262 0
0 263 0
0 264 0
0 265 0
0 266 0
0 267 1
0 268 0
0 269 0
0 270 0
0 271 0
0 272 0
0 273 0
0 274 1
0 275 1.41421
0 276 0
0 277 1
0 278 0
0 279 1
0 280 0
0 281 0
0 282 1
0 283 1
0 284 1
0 285 0
0 286 1
0 287 0
0 288 0
0 289 1
0 290 0
0 291 1
0 292 1
0 293 1
0 294 0
0 295 0
0 296 1
0 297 0
0 298 1
0 299 0
0 300 0
0 301 2.23607
0 302 1
0 303 1
0 304 1
0 305 1
0 306 1
0 307 1
0 308 1.41421
0 309 1.41421
0 310 0
0 311 1
0 312 0
0 313 1
0 314 0
0 315 1
0 316 0
0 317 0
0 318 1
0 319 0
0 320 1
0 321 0
0 322 1
0 323 0
0 324 0
0 325 1
0 326 0
0 327 1
0 328 0
0 329 1
0 330 0
0 331 0
0 332 0
0 333 0
0 334 0
0 335 0
0 336 0
0 337 0
0 338 0
0 339 0
0 340 1
0 341 0
0 342 1
0 343 0
0 344 0
0 345 0
0 346 0
0 347 0
0 348 0
0 349 1
0 350 0
0 351 0
0 352 0
0 353 1
0 354 0
0 355 0
0 356 0
0 357 0
0 358 1
0 359 0
0 360 0
0 361 0
0 362 0
0 363 0
0 364 1
0 365 0
0 366 0
0 367 1
0 368 0
0 369 0
0 370 0
0 371 0
0 372 0
0 373 0
0 374 0
0 375 1
0 376 1
0 377 0
0 378 0
0 379 0
0 380 0
0 381 0
0 382 0
0 383 0
0 384 1
0 385 0
0 386 1
0 387 0
0 388 0
0 389 0
0 390 0
0 391 0
0 392 0
0 393 1
0 394 0
0 395 0
0 396 0
0 397 1
0 398 0
0 399 0
0 400 0
0 401 0
0 402 1
0 403 0
0 404 0
0 405 0
0 406 0
0 407 0
0 408 1
0 409 0
0 410 0
0 411 1
0 412 0
0 413 0
0 414 0
0 415 0
0 416 0
0 417 0
0 418 0
0 419 1.41421
0 420 1
0 421 0
0 422 0
0 423 0
0 424 0
0 425 0
0 426 0
0 427 0
0 428 0
0 429 0
0 430 0
0 431 0
0 432 0
0 433 0
0 434 0
0 435 1
0 436 0
0 437 0
0 438 0
0 439 0
0 440 0
0 441 0
0 442 0
0 443 0
0 444 0
0 445 0
0 446 0
0 447 0
0 448 0
0 449 0
0 450 1
0 451 0
0 452 0
0 453 0
0 454 0
0 455 0
0 456 0
0 457 0
0 458 0
0 459 0
0 460 0
0 461 0
0 462 0
0 463 0
0 464 0
0 465 1
0 466 0
0 467 0
0 468 0
0 469 0
0 470 0
0 471 0
0 472 0
0 473 0
0 474 0
0 475 0
0 476 0
0 477 0
0 478 0
0 479 0
0 480 1
0 481 0
0 482 0
0 483 0
0 484 0
0 485 0
0 486 0
0 487 0
0 488 0
0 489 0
0 490 0
0 491 0
0 492 0
0 493 0
0 494 0
0 495 0
0 496 1
0 497 0
0 498 0
0 499 0
0 500 0
0 501 0
0 502 0
0 503 0
0 504 0
0 505 0
0 506 0
0 507 0
0 508 0
0 509 0
0 510 0
0 511 1.41421
0 512 0
0 513 0
0 514 0
0 515 0
0 516 0
0 517 0
0 518 0
0 519 0
0 520 0
0 521 0
0 522 0
0 523 0
0 524 0
0 525 0
0 526 1
0 527 0
0 528 0
0 529 0
0 530 0
0 531 0
0 532 0
0 533 0
0 534 0
0 535 0
0 536 0
0 537 0
0 538 0
0 539 0
0 540 0
0 541 1
0 542 0
0 543 0
0 544 0
0 545 0
0 546 0
0 547 0
0 548 0
0 549 0
0 550 0
0 551 0
0 552 0
0 553 0
0 554 0
0 555 0
0 556 0
0 557 1
0 558 0
0 559 0
0 560 0
0 561 0
0 562 0
0 563 0
0 564 0
0 565 0
0 566 0
0 567 0
0 568 0
0 569 0
0 570 0
0 571 0
0 572 1
0 573 0
0 574 0
0 575 0
0 576 0
0 577 0
0 578 0
0 579 0
0 580 0
0 581 0
0 582 0
0 583 0
0 584 0
0 585 0
0 586 0
0 587 1
0 588 0
0 589 0
0 590 0
0 591 0
0 592 0
0 593 0
0 594 0
0 595 0
0 596 0
0 597 0
0 598 0
0 599 0
0 600 0
0 601 0
0 602 1
0 603 2
0 604 1
0 605 1
0 606 3.16228
0 607 1
0 608 0
0 609 1
0 610 0
0 611 1
0 612 0
0 613 0
0 614 1.41421
0 615 0
0 616 1
0 617 0
0 618 1
0 619 0
0 620 0
0 621 1
0 622 1
0 623 1
0 624 0
0 625 0
0 626 1
0 627 0
0 628 1
0 629 0
0 630 1.41421
0 631 0
0 632 0
0 633 1
0 634 0
0 635 1
0 636 0
0 637 1
0 638 1.41421
0 639 1
0 640 2.23607
0 641 1
0 642 1.41421
0 643 1.41421
0 644 1
0 645 1
0 646 1
0 647 1.41421
0 648 2
0 649 0
0 650 0
0 651 2
0 652 1
0 653 1.41421
0 654 1
0 655 1
0 656 1
0 657 1
0 658 0
0 659 1
0 660 1
0 661 1
0 662 2
0 663 1
0 664 1
0 665 2
0 666 1
0 667 1
0 668 1
0 669 1
0 670 0
0 671 1
0 672 0
0 673 0
0 674 2
0 675 1
0 676 2
0 677 0
0 678 0
0 679 0
0 680 0
0 681 0
0 682 0
0 683 0
0 684 0
0 685 0
0 686 0
0 687 0
0 688 0
0 689 0
0 690 0
0 691 0
0 692 0
0 693 0
0 694 0
0 695 0
0 696 0
0 697 0
0 698 0
0 699 0
0 700 0
0 701 0
0 702 0
0 703 0
0 704 0
0 705 0
0 706 0
0 707 0
0 708 0
0 709 0
0 710 0
0 711 0
0 712 0
0 713 0
0 714 0
0 715 0
0 716 0
0 717 0
0 718 0
0 719 0
0 720 0
0 721 0
0 722 0
0 723 0
0 724 0
0 725 0
0 726 0
0 727 0
0 728 0
0 729 0
0 730 0
0 731 0
0 732 0
0 733 0
0 734 0
0 735 0
0 736 0
0 737 0
0 738 0
0 739 0
0 740 0
0 741 0
0 742 0
0 743 0
0 744 0
0 745 0
0 746 0
0 747 0
0 748 0
0 749 0
1 24 0
1 25 1.41421
1 26 1.41421
1 27 4.47214
1 28 3.16228
1 29 3.60555
1 30 5
1 31 3.16228
1 32 2
1 33 2
1 34 2
1 35 2.23607
1 36 2
1 37 2.23607
1 38 3.16228
1 39 0
1 40 1
1 41 0
1 42 0
1 43 1
1 44 0
1 45 0
1 46 0
1 47 1
1 48 0
1 49 1
1 50 0
1 51 1
1 52 0
1 53 0
1 54 0
1 55 1
1 56 0
1 57 0
1 58 1
1 59 1.41421
1 60 2.23607
1 61 2.23607
1 62 2
1 63 1
1 64 1
1 65 1.41421
1 66 0
1 67 1
1 68 1.41421
1 69 0
1 70 2.23607
1 71 1
1 72 1
1 73 1.41421
1 74 1
1 75 0
1 76 1
1 77 1.41421
1 78 2
1 79 1
1 80 1
1 81 1
1 82 0
1 83 0
1 84 1
1 85 1
1 86 0
1 87 2.82843
1 88 1
1 89 1
1 90 0
1 91 1.41421
1 92 1
1 93 0
1 94 1
1 95 1
1 96 0
1 97 2
1 98 1
1 99 1.41421
1 100 1.41421
1 101 2.23607
1 102 3
1 103 1
1 104 1
1 105 1
1 106 0
1 107 3
1 108 1
1 109 0
1 110 0
1 111 0
1 112 1
1 113 0
1 114 0
1 115 0
1 116 1.41421
1 117 1
1 118 1
1 119 0
1 120 0
1 121 2
1 122 0
1 123 1
1 124 1
1 125 0
1 126 1
1 127 0
1 128 0
1 129 1
1 130 0
1 131 0
1 132 1.41421
1 133 0
1 134 0
1 135 1
1 136 0
1 137 0
1 138 1
1 139 1
1 140 1.41421
1 141 0
1 142 0
1 143 1
1 144 1
1 145 1
1 146 0
1 147 0
1 148 1
1 149 1
1 150 1
1 151 1
1 152 2.23607
1 153 2
1 154 1.41421
1 155 2
1 156 2.23607
1 157 1
1 158 0
1 159 0
1 160 0
1 161 0
1 162 1
1 163 0
1 164 0
1 165 0
1 166 0
1 167 1
1 168 0
1 169 0
1 170 0
1 171 0
1 172 1
1 173 0
1 174 0
1 175 0
1 176 0
1 177 1
1 178 0
1 179 0
1 180 0
1 181 0
1 182 1.41421
1 183 0
1 184 0
1 185 0
1 186 0
1 187 1
1 188 0
1 189 0
1 190 0
1 191 0
1 192 1
1 193 0
1 194 0
1 195 0
1 196 0
1 197 1
1 198 0
1 199 0
1 200 0
1 201 0
1 202 1
1 203 0
1 204 0
1 205 0
1 206 0
1 207 1.41421
1 208 0
1 209 0
1 210 0
1 211 0
1 212 1
1 213 0
1 214 0
1 215 0
1 216 0
1 217 1
1 218 0
1 219 0
1 220 0
1 221 0
1 222 1
1 223 0
1 224 0
1 225 0
1 226 0
1 227 1
1 228 0
1 229 0
1 230 0
1 231 0
1 232 1
1 233 2.82843
1 234 0
1 235 3.60555
1 236 1.41421
1 237 4
1 238 2.23607
1 239 2.23607
1 240 1
1 241 2
1 242 2.23607
1 243 0
1 244 1
1 245 2
1 246 1.41421
1 247 1
1 248 1
1 249 1
1 250 0
1 251 1
1 252 1
1 253 0
1 254 0
1 255 0
1 256 1
1 257 0
1 258 1.41421
1 259 1
1 260 0
1 261 1
1 262 0
1 263 0
1 264 0
1 265 0
1 266 0
1 267 1
1 268 0
1 269 0
1 270 0
1 271 0
1 272 0
1 273 1
1 274 0
1 275 0
1 276 1
1 277 0
1 278 0
1 279 1
1 280 0
1 281 0
1 282 0
1 283 0
1 284 0
1 285 1
1 286 0
1 287 0
1 288 0
1 289 0
1 290 0
1 291 1
1 292 0
1 293 1
1 294 1
1 295 0
1 296 1
1 297 1
1 298 0
1 299 0
1 300 1
1 301 2
1 302 1
1 303 0
1 304 2
1 305 1
1 306 0
1 307 2.23607
1 308 1
1 309 1
1 310 0
1 311 0
1 312 0
1 313 0
1 314 0
1 315 1
1 316 1
1 317 0
1 318 1
1 319 0
1 320 0
1 321 0
1 322 0
1 323 0
1 324 1.41421
1 325 1.41421
1 326 1.41421
1 327 1.41421
1 328 0
1 329 0
1 330 1
1 331 1.41421
1 332 3.16228
1 333 1.41421
1 334 0
1 335 1
1 336 0
1 337 1
1 338 1
1 339 1
1 340 1
1 341 1
1 342 1
1 343 0
1 344 0
1 345 0
1 346 0
1 347 1
1 348 0
1 349 0
1 350 1
1 351 0
1 352 1
1 353 0
1 354 2
1 355 1
1 356 1.41421
1 357 0
1 358 0
1 359 0
1 360 1.41421
1 361 0
1 362 1.41421
1 363 0
1 364 0
1 365 0
1 366 0
1 367 1
1 368 1.41421
1 369 0
1 370 0
1 371 0
1 372 1
1 373 0
1 374 0
1 375 0
1 376 0
1 377 1
1 378 1
1 379 3.16228
1 380 1.41421
1 381 1
1 382 1
1 383 2
1 384 2
1 385 1
1 386 2.23607
1 387 0
1 388 0
1 389 0
1 390 0
1 391 0
1 392 0
1 393 0
1 394 0
1 395 0
1 396 0
1 397 0
1 398 0
1 399 0
1 400 0
1 401 0
1 402 0
1 403 0
1 404 0
1 405 0
1 406 0
1 407 0
1 408 0
1 409 0
1 410 1.41421
1 411 1.41421
1 412 1
1 413 1.41421
1 414 2.23607
1 415 1
1 416 1
1 417 0
1 418 0
1 419 1
1 420 1
1 421 1
1 422 0
1 423 1
1 424 0
1 425 1.41421
1 426 2.23607
1 427 1
1 428 0
1 429 1
1 430 1
1 431 2
1 432 1.41421
1 433 0
1 434 1.41421
1 435 1
1 436 1
1 437 1
1 438 0
1 439 0
1 440 1
1 441 0
1 442 0
1 443 1.41421
1 444 0
1 445 1.41421
1 446 1.41421
1 447 2.23607
1 448 0
1 449 1
1 450 2
1 451 1.41421
1 452 1
1 453 0
1 454 0
1 455 1
1 456 0
1 457 1
1 458 1.41421
1 459 1.41421
1 460 0
1 461 1.41421
1 462 1.41421
1 463 1
1 464 0
1 465 0
1 466 0
1 467 1.41421
1 468 0
1 469 0
1 470 0
1 471 0
1 472 1
1 473 0
1 474 1
1 475 1
1 476 0
1 477 1.41421
1 478 0
1 479 1.41421
1 480 1
1 481 1
1 482 3.16228
1 483 3
1 484 0
1 485 2.82843
1 486 3
1 487 1.41421
1 488 1
1 489 2.23607
1 490 1
1 491 1
1 492 1
1 493 1.41421
1 494 1.41421
1 495 0
1 496 2
1 497 2
1 498 4.47214
1 499 2
1 500 3.16228
1 501 6.08276
1 502 6.08276
1 503 1.41421
1 504 0
1 505 0
1 506 0
1 507 0
1 508 0
1 509 0
1 510 0
1 511 1
1 512 0
1 513 0
1 514 0
1 515 0
1 516 0
1 517 0
1 518 0
1 519 0
1 520 1
1 521 0
1 522 0
1 523 0
1 524 0
1 525 0
1 526 0
1 527 0
1 528 1
1 529 0
1 530 0
1 531 0
1 532 0
1 533 0
1 534 0
1 535 0
1 536 0
1 537 1
1 538 0
1 539 0
1 540 0
1 541 0
1 542 0
1 543 0
1 544 0
1 545 0
1 546 1
1 547 0
1 548 0
1 549 0
1 550 0
1 551 0
1 552 0
1 553 0
1 554 0
1 555 6.7082
1 556 7.07107
1 557 1
1 558 0
1 559 0
1 560 0
1 561 0
1 562 1
1 563 1
1 564 0
1 565 0
1 566 0
1 567 1
1 568 0
1 569 1
1 570 0
1 571 0
1 572 1
1 573 0
1 574 0
1 575 0
1 576 1
1 577 1
1 578 0
1 579 0
1 580 0
1 581 0
1 582 1.41421
1 583 0
1 584 0
1 585 0
1 586 0
1 587 1
1 588 1
1 589 0
1 590 0
1 591 0
1 592 1
1 593 0
1 594 0
1 595 1
1 596 0
1 597 1
1 598 0
1 599 0
1 600 0
1 601 1
1 602 1
1 603 0
1 604 0
1 605 0
1 606 0
1 607 1
1 608 2
1 609 2
1 610 1.41421
1 611 2.23607
1 612 1.41421
1 613 2.82843
1 614 2.82843
1 615 1
1 616 0
1 617 0
1 618 1
1 619 0
1 620 1
1 621 1.41421
1 622 1.41421
1 623 1.41421
1 624 2.23607
1 625 3
1 626 1
1 627 1
1 628 1.41421
1 629 1
1 630 1.41421
1 631 1
1 632 1.41421
1 633 1
1 634 1
1 635 1
1 636 1.41421
1 637 1
1 638 1.41421
1 639 1
1 640 1.41421
1 641 1
1 642 1
1 643 1.41421
1 644 1.41421
1 645 1
1 646 1.41421
1 647 1.41421
1 648 0
1 649 0
1 650 0
1 651 1
1 652 0
1 653 1
1 654 2.23607
1 655 0
1 656 0
1 657 2
1 658 1
1 659 0
1 660 1.41421
1 661 1
1 662 2
1 663 0
1 664 0
1 665 0
1 666 1
1 667 0
1 668 1
1 669 0
1 670 0
1 671 0
1 672 0
1 673 0
1 674 0
1 675 0
1 676 0
1 677 0
1 678 0
1 679 0
1 680 0
1 681 0
1 682 0
1 683 0
1 684 0
1 685 0
1 686 0
1 687 0
1 688 0
1 689 0
1 690 0
1 691 0
1 692 0
1 693 0
1 694 0
1 695 0
1 696 0
1 697 0
1 698 0
1 699 0
1 700 0
1 701 0
1 702 0
1 703 0
1 704 0
1 705 0
1 706 0
1 707 0
1 708 0
1 709 0
1 710 0
1 711 0
1 712 0
1 713 0
1 714 0
1 715 0
1 716 0
1 717 0
1 718 0
1 719 0
1 720 0
1 721 0
1 722 0
1 723 0
1 724 0
1 725 0
1 726 0
1 727 0
1 728 0
1 729 0
1 730 0
1 731 0
1 732 0
1 733 0
1 734 0
1 735 0
1 736 0
1 737 0
1 738 0
1 739 0
1 740 0
1 741 0
1 742 0
1 743 0
1 744 0
1 745 0
1 746 0
1 747 0
1 748 0
1 749 0
2 0 0
2 2 2
2 3 2.23607
2 4 3
2 5 4.12311
2 6 3.16228
2 7 3.16228
2 8 2.23607
2 9 1
2 10 0
2 11 1
2 12 0
2 13 1
2 14 0
2 15 0
2 16 0
2 17 1
2 18 1.41421
2 19 1
2 20 0
2 21 1
2 22 1.41421
2 23 0
2 24 0
2 25 1
2 26 1
2 27 0
2 28 1
2 29 1
2 30 1.41421
2 31 1
2 32 0
2 33 1.41421
2 34 1
2 35 1
2 36 1
2 37 1.41421
2 38 6
2 39 4.12311
2 40 10.0499
2 41 5.09902
2 42 7.28011
2 43 1.41421
2 44 0
2 45 0
2 46 0
2 47 0
2 48 0
2 49 0
2 50 1
2 51 0
2 52 0
2 53 0
2 54 0
2 55 0
2 56 0
2 57 0
2 58 1
2 59 0
2 60 0
2 61 0
2 62 0
2 63 0
2 64 0
2 65 0
2 66 1
2 67 0
2 68 0
2 69 0
2 70 0
2 71 0
2 72 0
2 73 0
2 74 1
2 75 0
2 76 0
2 77 0
2 78 1
2 79 0
2 80 0
2 81 1
2 82 0
2 83 0
2 84 0
2 85 0
2 86 0
2 87 0
2 88 0
2 89 1
2 90 0
2 91 0
2 92 0
2 93 0
2 94 0
2 95 0
2 96 0
2 97 1
2 98 0
2 99 0
2 100 0
2 101 0
2 102 0
2 103 0
2 104 0
2 105 1
2 106 0
2 107 0
2 108 0
2 109 0
2 110 0
2 111 0
2 112 0
2 113 0
2 114 1.41421
2 115 2.23607
2 116 2.23607
2 117 1
2 118 0
2 119 0
2 120 0
2 121 1
2 122 0
2 123 0
2 124 1
2 125 0
2 126 1
2 127 1.41421
2 128 1
2 129 0
2 130 1
2 131 1.41421
2 132 0
2 133 2.23607
2 134 1
2 135 1
2 136 1
2 137 1
2 138 1.41421
2 139 1
2 140 1.41421
2 141 1
2 142 0
2 143 1.41421
2 144 1
2 145 0
2 146 0
2 147 1
2 148 1
2 149 0
2 150 1
2 151 1
2 152 0
2 153 1
2 154 1
2 155 1
2 156 1
2 157 1
2 158 0
2 159 1
2 160 0
2 161 0
2 162 0
2 163 1.41421
2 164 1
2 165 0
2 166 0
2 167 0
2 168 0
2 169 0
2 170 0
2 171 0
2 172 0
2 173 1
2 174 1.41421
2 175 1
2 176 1.41421
2 177 1
2 178 0
2 179 1
2 180 1
2 181 0
2 182 1
2 183 1
2 184 0
2 185 1
2 186 1
2 187 0
2 188 1
2 189 1
2 190 0
2 191 1
2 192 0
2 193 1
2 194 1
2 195 0
2 196 1
2 197 0
2 198 1
2 199 1.41421
2 200 0
2 201 1
2 202 0
2 203 1
2 204 0
2 205 1.41421
2 206 1
2 207 0
2 208 1
2 209 0
2 210 1
2 211 1
2 212 0
2 213 1
2 214 1
2 215 1
2 216 1
2 217 0
2 218 0
2 219 0
2 220 0
2 221 1
2 222 1
2 223 1.41421
2 224 0
2 225 1.41421
2 226 0
2 227 0
2 228 2.82843
2 229 0
2 230 1
2 231 0
2 232 1
2 233 0
2 234 1
2 235 1
2 236 4.47214
2 237 3
2 238 6
2 239 5.09902
2 240 7
2 241 13.0384
2 242 3
2 243 4
2 244 2.23607
2 245 1.41421
2 246 1.41421
2 247 1
2 248 2.23607
2 249 1
2 250 1.41421
2 251 1
2 252 1
2 253 1.41421
2 254 1
2 255 1.41421
2 256 1
2 257 0
2 258 1.41421
2 259 1
2 260 1.41421
2 261 0
2 262 1
2 263 1.41421
2 264 0
2 265 2.23607
2 266 4
2 267 4.12311
2 268 11.0454
2 269 6.08276
2 270 5.83095
2 271 6.08276
2 272 1.41421
2 273 0
2 274 0
2 275 0
2 276 0
2 277 0
2 278 0
2 279 0
2 280 0
2 281 0
2 282 1
2 283 0
2 284 0
2 285 0
2 286 0
2 287 0
2 288 0
2 289 0
2 290 0
2 291 0
2 292 0
2 293 1
2 294 0
2 295 0
2 296 0
2 297 0
2 298 0
2 299 0
2 300 0
2 301 0
2 302 0
2 303 0
2 304 1
2 305 0
2 306 0
2 307 0
2 308 0
2 309 0
2 310 0
2 311 0
2 312 0
2 313 0
2 314 1
2 315 0
2 316 0
2 317 0
2 318 0
2 319 0
2 320 1
2 321 0
2 322 0
2 323 0
2 324 0
2 325 1
2 326 0
2 327 0
2 328 0
2 329 0
2 330 0
2 331 0
2 332 0
2 333 0
2 334 0
2 335 0
2 336 1
2 337 0
2 338 0
2 339 0
2 340 0
2 341 0
2 342 0
2 343 0
2 344 0
2 345 0
2 346 1
2 347 0
2 348 0
2 349 0
2 350 0
2 351 0
2 352 0
2 353 0
2 354 0
2 355 0
2 356 0
2 357 1
2 358 0
2 359 0
2 360 0
2 361 0
2 362 0
2 363 0
2 364 0
2 365 0
2 366 0
2 367 0
2 368 1
2 369 0
2 370 0
2 371 0
2 372 0
2 373 0
2 374 1
2 375 0
2 376 0
2 377 0
2 378 0
2 379 0
2 380 0
2 381 1
2 382 0
2 383 0
2 384 0
2 385 1
2 386 0
2 387 0
2 388 1
2 389 0
2 390 0
2 391 0
2 392 0
2 393 0
2 394 1
2 395 0
2 396 0
2 397 0
2 398 0
2 399 0
2 400 0
2 401 1
2 402 1
2 403 0
2 404 0
2 405 0
2 406 0
2 407 0
2 408 1
2 409 0
2 410 0
2 411 0
2 412 0
2 413 0
2 414 1
2 415 0
2 416 0
2 417 0
2 418 0
2 419 0
2 420 1
2 421 1
2 422 0
2 423 0
2 424 0
2 425 0
2 426 0
2 427 0
2 428 1
2 429 0
2 430 0
2 431 0
2 432 0
2 433 0
2 434 1
2 435 0
2 436 0
2 437 1
2 438 0
2 439 0
2 440 0
2 441 1
2 442 0
2 443 0
2 444 0
2 445 0
2 446 0
2 447 0
2 448 1
2 449 0
2 450 0
2 451 0
2 452 0
2 453 0
2 454 1
2 455 1
2 456 1.41421
2 457 1
2 458 6.32456
2 459 1
2 460 1
2 461 2.82843
2 462 5.09902
2 463 7
2 464 1
2 465 1
2 466 0
2 467 0
2 468 1
2 469 2
2 470 0
2 471 1
2 472 1
2 473 1.41421
2 474 1
2 475 0
2 476 0
2 477 0
2 478 0
2 479 0
2 480 1.41421
2 481 1
2 482 1.41421
2 483 1.41421
2 484 1
2 485 0
2 486 0
2 487 1
2 488 0
2 489 0
2 490 0
2 491 1.41421
2 492 0
2 493 4.12311
2 494 3
2 495 11
2 496 7
2 497 6.32456
2 498 1
2 499 0
2 500 1
2 501 0
2 502 1
2 503 0
2 504 1
2 505 0
2 506 1
2 507 0
2 508 1
2 509 0
2 510 1
2 511 0
2 512 1
2 513 0
2 514 1
2 515 0
2 516 0
2 517 1
2 518 0
2 519 1
2 520 0
2 521 1
2 522 0
2 523 1
2 524 0
2 525 1
2 526 0
2 527 1
2 528 0
2 529 1
2 530 0
2 531 1
2 532 0
2 533 1
2 534 0
2 535 0
2 536 0
2 537 1
2 538 2.23607
2 539 1
2 540 1.41421
2 541 0
2 542 1
2 543 1
2 544 1
2 545 0
2 546 1.41421
2 547 1
2 548 1
2 549 0
2 550 1.41421
2 551 1
2 552 0
2 553 1
2 554 1
2 555 1.41421
2 556 0
2 557 1
2 558 1
2 559 1.41421
2 560 0
2 561 1
2 562 1
2 563 0
2 564 1.41421
2 565 1
2 566 1
2 567 0
2 568 1.41421
2 569 1
2 570 1
2 571 0
2 572 1
2 573 1.41421
2 574 0
2 575 1
2 576 1
2 577 1.41421
2 578 0
2 579 1
2 580 1
2 581 1
2 582 1
2 583 1
2 584 0
2 585 1
2 586 0
2 587 1
2 588 0
2 589 1
2 590 0
2 591 1
2 592 0
2 593 1
2 594 0
2 595 1
2 596 0
2 597 1
2 598 1
2 599 0
2 600 1
2 601 0
2 602 1
2 603 0
2 604 1
2 605 0
2 606 1
2 607 0
2 608 1
2 609 0
2 610 1
2 611 0
2 612 1
2 613 1
2 614 0
2 615 1
2 616 0
2 617 1
2 618 0
2 619 1
2 620 0
2 621 1
2 622 0
2 623 1
2 624 0
2 625 1
2 626 0
2 627 1
2 628 1
2 629 0
2 630 1
2 631 0
2 632 1
2 633 0
2 634 1
2 635 0
2 636 1
2 637 0
2 638 1
2 639 0
2 640 1
2 641 0
2 642 3.60555
2 643 5
2 644 2
2 645 1
2 646 3.16228
2 647 1.41421
2 648 3
2 649 3
2 650 2
2 651 2
2 652 1.41421
2 653 1
2 654 1
2 655 2.23607
2 656 1
2 657 1.41421
2 658 0
2 659 0
2 660 1
2 661 1
2 662 2.23607
2 663 1.41421
2 664 1
2 665 1.41421
2 666 2.23607
2 667 0
2 668 3
2 669 0
2 670 1
2 671 0
2 672 1
2 673 1.41421
2 674 0
2 675 0
2 676 0
2 677 0
2 678 1
2 679 1.41421
2 680 1
2 681 0
2 682 1
2 683 2
2 684 0
2 685 1.41421
2 686 1
2 687 0
2 688 1.41421
2 689 1
2 690 1.41421
2 691 1
2 692 2.23607
2 693 2.23607
2 694 0
2 695 0
2 696 0
2 697 0
2 698 0
2 699 0
2 700 0
2 701 0
2 702 0
2 703 0
2 704 0
2 705 0
2 706 0
2 707 0
2 708 0
2 709 0
2 710 0
2 711 0
2 712 0
2 713 0
2 714 0
2 715 0
2 716 0
2 717 0
2 718 0
2 719 0
2 720 0
2 721 0
2 722 0
2 723 0
2 724 0
2 725 0
2 726 0
2 727 0
2 728 0
2 729 0
2 730 0
2 731 0
2 732 0
2 733 0
2 734 0
2 735 0
2 736 0
2 737 0
2 738 0
2 739 0
2 740 0
2 741 0
2 742 0
2 743 0
2 744 0
2 745 0
2 746 0
2 747 0
2 748 0
2 749 0
2 750 0
