-65.4507
-63.0054
-65.7484
-62.2145
-60.2313
-56.3013
-52.5488
-54.2931
-49.8286
-53.3104
-42.4974
-41.7598
-40.3532
-38.8577
-38.2601
-34.4133
-33.6078
-31.473
-27.5911
-26.5071
-18.8872
-24.5948
-14.6232
-14.7642
-13.7534
-12.1131
-9.6577
-6.4496
-2.98466
-2.47647
-1.12992
0.991055
4.20195
4.85807
6.6997
9.08602
14.4256
14.7559
16.4655
19.8052
21.3815
29.6038
23.9843
30.8205
34.0057
36.3666
36.7509
36.3862
35.6712
37.9121
38.943
39.5412
44.7558
42.7395
50.1394
53.4789
44.7702
56.4137
63.8352
63.8595
65.6871
59.6254
69.0626
69.0645
71.2455
72.9154
73.8203
70.3723
73.2273
74.6313
74.2387
-82.3309
-82.4279
-74.3801
-80.5838
-81.3912
-81.1833
-76.1268
-75.1437
-74.463
-67.4998
-68.1591
-64.7983
-65.1152
-61.1806
-62.4207
-66.1883
-59.408
-62.7476
-60.8189
-56.4803
-57.1906
-54.0123
-50.4421
-47.3441
-45.0256
-40.4968
-38.9012
-36.4083
-34.8463
-34.9192
-31.0155
-28.2087
-27.3077
-26.1192
-24.2048
-24.3153
-15.6847
-11.9369
-10.8712
-8.81122
-7.37457
-2.32256
-2.36014
-4.30384
-1.59267
3.7897
5.94448
7.51973
10.3528
11.827
14.7484
15.6177
16.7452
18.9831
20.5416
20.9179
23.6595
25.0724
27.747
35.4457
38.5454
41.2117
42.665
45.3934
47.0253
42.3565
43.7992
44.0097
45.1144
44.5101
45.5806
44.0321
47.2923
46.9991
50.3085
49.1894
50.8079
48.2279
54.9076
60.878
66.4862
73.6952
79.5111
73.2592
80.4952
83.1087
83.7234
82.0481
-80.0038
-77.416
-77.0609
-70.5487
-69.1667
-64.6074
-70.4046
-62.9462
-62.6877
-63.6973
-63.6368
-60.986
-59.3389
-59.2283
-51.7109
-49.0089
-43.4919
-42.308
-40.991
-39.0058
-35.0709
-32.1353
-31.4126
-27.9783
-19.0911
-16.2307
-13.9974
-13.7448
-8.27968
-8.58929
-8.42261
-4.18765
-3.98111
-2.18147
0.504924
4.18088
5.18941
5.58798
7.95057
10.4657
12.4254
14.1939
16.4812
16.886
16.5934
16.1542
18.1544
22.6631
24.8466
29.8042
35.6473
36.426
36.846
38.2143
40.1706
40.3387
42.3126
45.7294
49.177
56.2419
53.6018
64.1921
65.2656
67.1269
68.0783
69.9833
70.4565
70.7063
77.1734
72.8553
79.8887
60.5635
78.9181
-52.7095
-66.5009
-65.1868
-65.9427
-66.1889
-61.2041
-57.215
-49.8117
-46.2085
-39.9405
-37.3312
-30.5405
-28.3451
-19.6856
-15.3703
-13.9517
-5.69974
-4.30921
0.119351
3.23956
13.0962
15.059
16.5734
18.0608
18.5851
20.7407
24.6501
26.3902
37.3963
41.3604
42.1389
58.3649
63.0868
64.0675
65.656
67.3454
67.8182
67.8792
71.3627
72.487
72.5831
73.101
-78.9353
-77.7653
-75.7554
-77.4761
-74.349
-70.9742
-68.1124
-65.8116
-62.7197
-63.6874
-62.1332
-61.0827
-57.2597
-51.6317
-50.0989
-45.4009
-36.1184
-34.9487
-35.0878
-33.7384
-32.5027
-27.3904
-30.6849
-25.6181
-26.711
-18.7411
-11.2771
-7.60171
-8.50994
-5.91327
-3.31433
-3.66839
1.41102
2.54893
4.89404
14.3437
18.1739
19.3832
23.4905
23.936
24.5217
25.8471
30.849
36.8543
37.5858
38.1543
41.2264
41.7602
43.8339
63.9081
63.5267
70.4665
70.4147
75.2119
77.7255
78.9887
74.1043
74.3955
66.5301
81.47
17.5204
-70.7466
-69.913
-68.6629
-69.4786
-66.4846
-65.5832
-65.4561
-63.6355
-63.0184
-61.6243
-59.2997
-56.5838
-47.2278
-41.7955
-42.9568
-42.56
-41.5938
-34.7765
-34.0852
-29.0796
-21.5729
-15.5743
-13.3613
-13.2364
-12.039
-10.3235
-7.62329
-5.39372
-3.67188
-2.45545
0.116229
1.56869
1.8375
4.96713
4.11792
5.7024
11.3446
12.4526
16.7104
17.4971
18.4992
19.4667
19.1251
20.4953
22.3376
28.4602
38.4955
39.9815
41.3397
46.094
51.1936
60.4832
62.2383
64.5373
65.1895
66.4133
62.3594
64.6858
70.3387
72.0375
-75.7312
-70.0638
-68.6147
-70.0035
-70.1239
-67.7952
-65.8736
-59.7003
-59.6691
-53.9711
-51.234
-48.5665
-44.904
-44.2615
-37.6613
-30.4822
-17.6884
-11.4466
-5.04156
-1.07831
-2.4394
4.55701
7.88521
11.3753
13.9017
15.3902
28.1825
29.7183
36.5204
39.3381
38.9411
42.3146
41.96
44.669
43.4358
50.6599
53.3371
59.7001
68.5072
69.6244
72.9699
74.6165
79.7689
76.8792
79.2919
61.9906
79.159
72.9541
69.5957
67.672
67.4595
58.5546
54.514
41.044
38.8751
38.5028
35.6635
23.3172
21.8746
20.599
17.8163
16.9248
14.9167
11.9397
7.09503
5.34951
1.17432
1.36756
-1.1722
-4.3391
-6.83433
-7.26779
-8.9343
-11.2246
-9.21193
-13.1605
-16.2765
-18.3201
-29.0192
-32.0173
-36.6302
-54.9598
-50.5145
-57.5248
-51.6131
-82.6892
-82.5904
-82.8198
-83.4256
-84.0675
-79.8781
-77.0233
-74.0668
-73.204
-71.4149
-73.92
-68.9827
-67.2125
-65.6569
-64.1605
-63.9016
-56.6098
-55.9578
-41.2727
-10.3221
-9.84206
-5.43107
-6.22691
-0.448827
-0.0171128
2.77469
8.85442
10.5991
13.0515
16.5069
18.7095
23.9446
27.0129
33.7088
36.5095
37.7068
39.6728
39.7085
41.9057
47.9024
51.3443
52.5787
56.274
67.1455
75.6651
77.3974
80.2696
79.54
77.4878
75.8413
23.6143
78.4708
79.2284
70.1118
75.642
66.6386
67.1263
63.3945
59.6977
54.0623
58.2267
52.1696
47.1181
45.2118
42.6918
41.1313
39.2399
39.0654
37.6395
33.476
30.8313
25.4149
23.1167
21.9527
19.152
17.9261
18.3405
13.3621
11.9805
7.42239
7.13969
6.7003
2.31472
1.51496
-3.23513
-6.51472
-8.74273
-9.38815
-12.6571
-13.5393
-23.3631
-20.9868
-24.3916
-31.9613
-33.2153
-33.9112
-35.8262
-37.4891
-38.4413
-42.0846
-51.5301
-54.9656
-58.6531
-60.2189
-62.1905
-61.0408
-59.6845
-66.7495
-67.4198
-69.7251
-68.0364
-73.2861
-72.8006
75.2478
71.0199
74.9433
70.5625
73.6728
73.3113
75.7673
78.8308
70.4651
72.0973
76.3158
69.4997
71.7567
70.6753
64.7439
61.9298
42.7799
42.3726
45.0778
42.3309
44.6409
40.698
40.2599
38.5454
38.1001
36.1659
33.227
27.7061
20.8188
20.8158
11.538
6.33102
4.41072
4.02809
0.860983
-2.88061
-6.53478
-3.84913
-9.6844
-10.0181
-12.3528
-14.1856
-16.8826
-18.3897
-30.0739
-31.1305
-29.9555
-33.6658
-36.8177
-38.4361
-37.4651
-38.4141
-41.5967
-40.7854
-41.9191
-50.4089
-58.7471
-59.2677
-61.7557
-63.2082
-63.5452
-62.9075
-65.8722
-65.0652
-68.0423
-69.2291
-73.5863
-71.5394
-74.902
-75.7056
-74.685
-77.8298
82.2268
77.9463
79.6428
79.2513
77.5424
76.5135
75.3565
72.672
72.743
66.988
63.1898
62.5892
59.3504
58.9939
52.2041
52.379
51.0907
45.7102
42.6877
38.6766
38.1176
30.4922
26.9031
22.5495
23.6187
21.2706
21.5877
19.3438
16.8122
14.7589
15.95
13.4263
10.9055
10.8185
4.88548
4.53893
3.72746
0.693777
-0.452818
-2.26784
-3.49072
-5.52273
-5.44569
-7.69988
-7.0208
-13.0168
-18.0506
-16.9536
-22.1596
-21.308
-27.6771
-29.9186
-32.5158
-33.3506
-34.9688
-37.4445
-44.1269
-43.5255
-52.2026
-52.6006
-52.9505
-53.5141
-59.2577
-56.7133
-55.3574
-60.4831
-61.8186
-65.684
-68.934
-70.9756
-69.3933
-77.5373
79.8525
78.8316
74.3131
68.5357
70.3211
68.8243
63.1995
69.8989
59.2243
51.0766
52.6879
52.7824
49.8144
44.2423
39.9807
42.8049
41.6786
41.0368
40.1576
38.2403
38.7615
39.0705
38.8299
36.8577
24.7151
31.8714
20.2216
11.3438
0.831013
-4.70764
-7.76412
-7.09467
-12.6109
-14.1635
-20.6427
-30.2792
-32.6746
-33.3766
-36.8366
-40.3611
-42.7085
-42.903
-43.0278
-44.0855
-47.2847
-49.7201
-52.1167
-63.6874
-63.0106
-63.1436
-65.3166
-70.5826
-70.7829
-73.9041
-77.1412
-75.1793
-76.5758
-78.716
76.3113
77.1638
71.4291
69.1071
74.3634
71.0827
68.0412
66.9577
67.5896
68.2757
63.4857
62.053
67.5547
62.2447
56.222
52.3484
51.4788
46.1089
41.6651
39.5233
39.4731
36.9787
37.9349
35.9913
36.5995
26.1566
24.5757
28.7603
25.1978
20.8361
19.9874
19.8616
17.5171
17.6304
12.9766
9.92607
8.22599
6.21559
4.23353
5.27888
3.03831
-0.495514
0.549208
-1.32734
-2.48467
-3.65304
-4.49592
-6.69765
-5.24242
-5.55512
-9.86498
-11.2169
-14.396
-14.7779
-14.7381
-26.5085
-20.6638
-30.2958
-30.2664
-35.046
-35.9859
-38.1479
-37.2274
-40.8238
-40.6506
-43.3604
-48.4443
-51.585
-50.8076
-52.6261
-54.9223
-55.0198
-56.6764
-65.7169
-66.5254
-60.2059
-64.8856
-68.7755
-78.8787
-79.9055
-80.4365
-80.4339
-82.3101
-82.199
-81.2135
-82.5985
-79.8319
-78.851
-76.4732
-78.0999
-69.121
-68.1223
-67.7338
-64.3316
-58.7416
-55.7786
-56.2095
-50.8857
-52.055
-34.2447
-46.0783
-43.3551
-43.6833
-39.4503
-35.6608
-32.7203
-30.4027
-31.0961
-26.128
-27.2266
-17.6642
-17.2447
-14.7079
-13.0997
-12.6133
-10.3269
-8.71205
-6.78052
-6.06338
-3.48257
-0.7168
0.444958
2.16783
5.07813
6.3405
10.7393
16.0951
16.3569
17.3659
17.952
18.8501
23.2164
31.6712
24.1787
38.9671
40.974
37.9808
37.7734
40.8702
41.8544
43.2899
44.4964
46.4914
47.5668
50.8452
52.5817
57.5294
55.6437
58.6603
57.7077
61.5558
62.903
65.6162
67.0918
70.7522
70.0751
70.1314
73.8521
72.3188
72.8554
76.419
48.5583
-82.1337
-80.6987
-79.413
-78.9012
-76.1381
-77.374
-73.0285
-74.6471
-67.8062
-66.9164
-66.4354
-60.9212
-61.5441
-57.5972
-54.8864
-54.9646
-50.2511
-47.4745
-42.4683
-39.3449
-36.8005
-35.8704
-33.1304
-32.6361
-31.9618
-27.8784
-26.6437
-20.4318
-26.6297
-16.2865
-15.6224
-15.0032
-12.9079
-11.9419
-11.3163
-10.0851
-8.73147
-6.75676
-3.67864
-1.21962
-2.268
3.26465
2.64321
5.64632
6.34565
6.54297
9.26234
10.8672
12.8962
16.2422
16.9009
17.446
18.809
20.013
21.582
22.2933
23.1187
26.4385
32.9042
33.1364
36.3706
37.4699
38.8226
38.2505
39.8349
44.982
42.5849
46.4248
50.5785
49.6849
54.9503
53.488
56.2599
57.4273
66.8352
70.1707
73.5893
70.7967
70.4603
73.2595
74.3162
74.8603
75.935
78.0985
77.1899
-81.1288
-81.5467
-80.9648
-79.5383
-77.6976
-78.5368
-75.5251
-74.0791
-70.801
-69.9463
-69.6577
-65.1325
-64.9278
-63.9685
-61.5181
-61.4064
-60.4497
-58.6471
-57.2287
-54.0716
-51.2291
-47.1146
-44.3761
-43.2718
-40.8498
-40.5174
-37.8939
-35.539
-33.4172
-34.553
-32.5213
-30.3311
-29.1468
-28.5778
-19.1635
-16.851
-14.022
-13.0942
-10.791
-10.0721
-7.44894
-5.61409
-3.09749
1.50727
4.076
7.41578
9.56274
10.9617
13.3434
16.5514
18.1711
19.7921
21.4947
27.3853
24.3143
32.0945
31.5769
35.5489
35.5347
37.1529
37.9045
39.0169
39.6262
40.3317
41.2026
42.0379
42.6077
44.9821
46.0854
59.5488
58.1253
56.6969
60.1412
63.859
71.2943
63.8103
70.8718
76.673
76.4584
76.958
76.3297
76.0565
77.1721
79.2662
-80.6199
-81.2889
-83.4557
-77.0014
-73.8258
-69.9959
-66.7309
-65.8937
-65.9749
-65.1196
-62.7596
-63.4561
-63.1604
-61.9872
-61.3187
-54.1959
-54.9774
-47.9296
-46.6895
-44.8141
-41.2084
-38.3273
-37.6814
-34.3213
-31.3398
-26.7048
-23.5746
-19.6908
-19.9684
-16.8431
-14.3305
-12.2165
-9.68931
-7.89132
-7.98141
-3.92341
-2.65607
-3.69569
0.66575
2.86019
6.64644
10.3645
13.2612
17.0442
20.3147
20.5136
21.7075
22.1057
24.3387
23.7714
24.5577
32.8812
34.6283
35.8337
35.2082
35.4952
35.6833
35.7749
36.3284
37.327
40.8281
42.5182
48.3143
49.1264
51.41
52.0159
61.2541
58.2016
63.0214
63.4417
67.525
65.3365
68.8527
68.5478
69.1236
71.8867
75.4502
76.0017
78.4839
-77.4858
-80.66
-76.1901
-78.7494
-75.3269
-72.7945
-73.5161
-71.8737
-67.6122
-69.8249
-71.0279
-72.9888
-67.0566
-63.2256
-59.5062
-57.2484
-55.8884
-54.4631
-49.869
-45.0006
-44.723
-40.7594
-38.3634
-38.3616
-37.1895
-35.4538
-35.4536
-31.1533
-30.8439
-25.9527
-27.6654
-17.8957
-16.651
-16.5084
-13.3813
-11.6222
-10.4332
-10.3024
-8.14136
-5.98558
-3.75566
-0.561954
2.99663
2.27767
6.32967
10.4041
11.4851
15.2132
18.0601
17.6983
19.9617
20.7294
21.9676
23.009
25.5792
26.5386
35.851
34.7817
38.0536
38.9359
39.9814
43.2885
47.5545
52.6402
55.6524
57.9792
62.2339
67.0667
68.4382
71.3183
72.8938
74.7962
76.5684
77.028
77.9617
80.8866
76.3477
83.4441
83.7164
84.5116
80.9126
82.7373
84.0161
83.4192
80.643
81.7457
-82.3244
-82.8629
-82.3035
-81.3868
-79.0601
-74.1286
-72.5633
-71.6991
-72.9393
-69.4758
-69.9358
-66.4916
-65.7525
-66.9348
-66.6686
-60.853
-60.2933
-57.0308
-52.0026
-50.9321
-47.2099
-47.6464
-45.8209
-44.5193
-43.2143
-42.5322
-41.4594
-38.1549
-31.7263
-31.5502
-27.9412
-21.555
-19.6843
-15.9744
-14.4953
-13.5599
-10.4448
-8.79462
-6.22035
-5.06743
-0.426918
-0.116834
-0.55234
3.41053
5.06446
7.00569
7.75329
13.9759
15.7574
15.9933
17.1785
16.7902
21.7559
21.3656
23.1614
22.7684
31.3576
33.6532
34.8862
35.7712
36.7485
37.0535
37.8198
41.0532
43.3054
47.5344
50.9215
55.9684
53.3347
64.8494
64.226
65.8739
72.3343
68.5157
76.6132
71.796
78.0085
81.8238
82.8216
81.269
-68.7262
-71.7659
-73.9329
-56.9655
-66.8432
-64.5783
-57.0139
-57.684
-62.7084
-63.5219
-51.6928
-59.2813
-58.5911
-54.4382
-52.5671
-52.6184
-47.2949
-41.9322
-42.1885
-39.3134
-37.1537
-34.196
-33.9075
-32.7658
-31.158
-29.1613
-24.7147
-22.2556
-21.6158
-18.2558
-14.4312
-12.5061
-8.08655
-10.8902
-7.63445
-5.86512
-4.94709
-1.77276
3.62713
5.694
8.47969
10.1192
11.6888
13.0727
14.7668
20.9782
18.47
29.1097
24.1039
25.6723
27.5122
34.136
35.4945
34.6429
36.3676
37.2919
37.2737
39.4686
39.9481
42.0904
40.8965
43.145
52.4862
56.7462
60.0799
60.439
64.3912
64.3747
68.1726
64.035
65.6977
70.4858
67.8959
71.7345
74.2468
75.9188
78.4256
77.9118
82.9373
77.4426
80.1975
-73.3116
-73.0781
-72.679
-70.0193
-69.8248
-63.78
-67.724
-64.6604
-63.8943
-60.7114
-60.1717
-58.7597
-53.7171
-55.4184
-48.3758
-45.6176
-44.4399
-40.6138
-35.093
-34.582
-31.6664
-31.6093
-27.2589
-30.777
-27.7778
-28.1644
-19.7586
-22.4363
-16.6896
-15.2866
-13.5934
-10.9624
-6.92353
-4.27549
-2.18894
0.891681
2.30138
6.66235
8.69633
17.0912
17.5476
19.1338
26.3772
21.9194
23.9089
24.3246
31.4216
28.2667
37.1057
37.4902
38.5333
40.0778
41.0938
42.9003
46.5126
48.6318
51.9604
53.9769
56.9546
56.4921
57.8784
58.1689
57.4438
58.2973
64.0876
67.3437
69.7059
67.7577
67.8119
73.898
77.0945
71.0958
-58.9481
-56.915
-47.369
-55.9986
-56.1857
-54.1571
-59.1849
-54.0624
-54.3928
-56.3077
-52.3265
-47.5367
-52.7692
-46.298
-43.7817
-44.3792
-41.3927
-39.814
-39.325
-36.482
-34.9257
-34.1219
-32.1408
-28.671
-30.3804
-29.5187
-28.7002
-26.42
-21.319
-16.2955
-14.6473
-11.8576
-11.4277
-9.71041
-9.43977
-7.48503
-5.70359
-5.92624
0.326961
3.00676
3.33667
5.84892
6.64246
9.38106
13.4986
14.4281
14.9807
18.9894
19.1239
20.9411
21.5731
20.4248
21.0329
27.2958
33.3092
28.3105
35.995
33.8303
37.1092
38.9027
37.1655
39.6793
39.5996
39.976
40.6344
44.4156
47.7027
44.136
50.0996
52.263
55.2287
54.6513
57.8905
62.0722
62.2843
65.4683
70.021
70.5896
72.5669
72.991
71.9162
-68.9679
-66.8092
-65.5313
-61.6036
-63.155
-61.7994
-59.5108
-60.5821
-60.9325
-57.5315
-57.4535
-52.5909
-49.283
-48.3549
-46.1479
-41.7487
-40.487
-38.4798
-37.8891
-38.8219
-35.7857
-33.9156
-33.4716
-32.623
-31.5885
-31.2912
-26.4199
-24.751
-21.0722
-20.6431
-20.9845
-14.5754
-11.033
-9.73991
-7.00511
-5.55382
-2.3522
-1.72412
0.304272
1.36343
3.86997
5.70754
8.30746
10.2061
15.7344
18.869
22.704
22.6805
24.7567
29.1258
29.9219
29.0866
30.0835
35.3993
35.6539
37.4858
40.1115
38.1349
39.3063
44.1164
44.7734
43.8429
46.6355
49.7505
51.9306
54.0501
59.4492
63.5935
65.7019
70.816
72.3017
72.0786
71.8042
76.9229
76.7398
79.7901
80.2908
76.7299
74.9621
78.9429
76.0658
-72.4649
-77.12
-79.8344
-82.4591
-73.5307
-80.1781
-75.3999
-72.9993
-71.2269
-74.2347
-65.1252
-64.3251
-62.1829
-62.604
-60.6049
-60.4136
-55.564
-58.0614
-51.4851
-47.8949
-47.3125
-43.0394
-39.5207
-38.6202
-35.9626
-33.6791
-33.2729
-31.3316
-29.3075
-30.0486
-27.1128
-26.1745
-21.2788
-17.879
-16.4045
-15.8112
-15.7535
-14.7318
-9.0663
-7.86228
-6.92446
-2.19107
-2.77012
0.266106
-0.312297
2.42956
5.82433
7.45394
12.2501
13.5238
16.745
19.1332
20.6089
20.9865
21.9882
24.5227
24.5259
26.9012
27.0771
30.2257
32.6092
33.366
38.3687
40.1284
40.4322
44.3282
44.1883
44.6892
46.8917
52.168
53.7681
53.463
59.7918
61.3344
63.1606
65.5457
66.4334
69.0614
68.3723
71.2173
69.3247
68.6291
73.4092
74.8537
75.2393
79.2558
83.4107
70.7001
-81.4701
-74.739
-77.1474
-76.9186
-75.9188
-75.2457
-75.1226
-71.7206
-74.1081
-70.0213
-71.4752
-68.4919
-66.7725
-63.6923
-63.4996
-62.9724
-60.4506
-55.9998
-52.8362
-51.8031
-48.2462
-46.8295
-42.8458
-40.9056
-37.6665
-33.9741
-31.8721
-30.8029
-29.1824
-25.6377
-25.8673
-20.5141
-20.1326
-17.5863
-14.7997
-15.8352
-12.383
-11.8733
-7.8206
-6.99619
-5.19589
-1.29364
0.907262
1.71001
3.6468
7.87393
8.77846
9.9111
12.0349
17.3159
19.3254
19.7316
22.0574
21.4269
26.5874
23.4672
28.8103
33.9014
29.2527
36.0423
42.1887
43.5265
40.5146
44.9292
50.6439
52.8814
56.051
56.8722
64.0839
67.8885
67.3155
74.6967
71.8465
76.4379
77.4527
78.3346
79.5716
80.2667
79.6608
79.8581
81.1159
82.4493
82.0383
82.5099
82.3433
85.8619
86.2557
-81.631
-77.7344
-76.9879
-78.611
-75.5312
-76.1964
-74.2935
-74.7691
-69.5134
-70.4382
-70.5794
-66.239
-61.3963
-61.7903
-61.7751
-62.0795
-59.8832
-57.2106
-50.9973
-48.7098
-46.0457
-40.223
-38.9383
-32.571
-30.6424
-30.9854
-30.8874
-27.0126
-23.3572
-26.549
-18.6635
-14.8384
-10.7926
-7.94932
-6.50138
-4.18586
-2.40637
-5.21545
-2.00985
1.94885
4.67896
4.47454
6.60697
6.78261
11.886
11.7996
13.6256
14.7842
18.4639
18.417
19.7085
20.8718
24.4516
25.8398
25.3594
28.802
35.9866
35.742
37.0275
37.7728
38.6582
40.2632
40.4054
39.39
43.3168
46.903
51.5781
50.3922
50.7338
54.0238
60.8582
64.4495
70.5087
67.3115
73.2591
69.2537
71.6313
72.6062
61.5285
63.4457
-76.024
-74.9749
-74.758
-75.6216
-76.1542
-76.1197
-69.4171
-69.7544
-68.2966
-67.3377
-64.6795
-61.3844
-55.8113
-57.7557
-50.9567
-47.2009
-45.9943
-40.0133
-38.9259
-38.1508
-33.4127
-35.2127
-33.662
-29.8456
-27.479
-25.9477
-25.8835
-21.1487
-18.2192
-16.2227
-13.6903
-12.4188
-10.6679
-8.24304
-6.019
-5.77727
-3.18023
-0.782296
1.20993
3.54569
4.55961
5.84947
6.88315
7.62379
9.21806
10.1898
11.2641
12.5731
17.429
17.4488
24.0246
24.4949
28.5494
35.0606
37.2684
37.5785
39.1878
39.4871
40.2795
40.4834
41.325
43.044
51.6192
52.7402
49.8901
58.9306
57.6622
62.5325
64.2487
65.4146
67.4094
69.2884
73.2515
72.8097
72.2551
74.5312
75.0761
79.4524
79.5042
79.1767
