-63.5642
-61.1221
-62.8685
-61.7525
-59.1222
-55.0528
-53.1723
-54.0195
-47.8693
-47.7911
-41.3576
-41.5019
-39.8872
-37.6739
-36.4879
-35.4968
-33.6049
-31.5133
-31.5014
-29.0437
-25.7956
-30.1381
-25.7713
-12.2746
-16.7745
-10.4321
-8.48021
-4.32213
-1.54211
1.35577
2.83997
3.25669
5.83029
8.14438
10.643
13.7766
17.0781
16.887
19.8656
20.4375
24.982
33.7534
28.9964
28.2529
35.1588
36.8917
37.5407
37.3225
38.1783
39.0284
38.8728
41.4926
43.8097
44.2816
49.8366
50.4748
46.1348
61.6222
60.6833
57.0112
65.6538
62.416
67.9261
67.6102
70.7299
71.7757
75.7884
72.8578
74.1712
73.5419
78.1657
-82.4599
-81.6811
-58.9083
-80.1835
-79.5721
-78.7168
-75.6192
-72.3339
-69.2693
-64.4831
-68.07
-61.823
-62.5684
-57.143
-62.4893
-64.482
-60.1643
-59.8758
-56.9314
-54.2586
-54.4165
-52.4202
-49.6329
-46.1158
-39.8933
-39.5958
-38.1155
-35.7931
-34.1248
-32.3876
-34.6996
-30.1882
-29.9015
-29.1244
-28.6053
-28.6435
-19.387
-18.4311
-13.8925
-6.81856
-5.2262
-3.90991
-3.14269
0.619272
2.00348
4.94899
5.04743
10.2446
13.601
14.411
15.7363
16.606
18.2329
20.0823
23.0349
23.2844
25.5062
25.2011
27.3924
33.2651
35.8496
35.985
38.2342
40.644
44.8679
43.6264
43.4282
44.6747
46.0975
46.1067
46.441
47.1064
48.8811
47.9018
50.8978
51.0252
50.8012
53.4353
50.6236
53.0166
70.0717
76.2469
78.0974
75.907
81.2794
81.9189
83.0807
83.1254
-80.8562
-76.6635
-77.1641
-60.6542
-68.6934
-65.6831
-67.547
-61.8831
-62.6351
-61.1144
-57.5371
-60.1999
-55.7461
-55.5781
-50.7393
-47.1
-41.0392
-40.078
-37.2625
-38.4692
-35.8317
-33.6223
-31.5625
-28.4852
-22.5529
-20.4485
-16.856
-17.2745
-10.5627
-8.03273
-6.55112
-4.18214
-3.54041
-0.875404
0.582515
4.10323
3.65935
9.19364
11.3546
12.9232
13.8201
16.3168
17.8503
19.7956
19.2873
20.5914
22.6938
23.8061
30.3767
32.8764
36.0768
37.3063
38.0144
38.2163
39.8853
39.8754
44.6743
46.3163
46.6545
51.3016
59.8471
61.0292
67.6727
60.4355
65.6097
67.1293
66.7869
68.5073
72.9156
71.0237
75.7108
69.8921
75.335
-55.6524
-66.4063
-66.6711
-64.7653
-64.7374
-62.2883
-57.4427
-55.1116
-47.4526
-43.5519
-39.6091
-32.7525
-30.5166
-18.6607
-17.7719
-12.8044
-6.63711
-3.68746
-1.41428
0.842387
14.6035
16.0804
16.9782
18.8244
19.7173
20.3271
28.2708
27.2172
37.2763
41.3063
41.3968
60.4553
61.6792
65.0041
65.7602
67.4023
66.5796
67.0701
71.3234
74.7298
71.7868
72.002
-78.8226
-78.4513
-73.0561
-74.9146
-72.6269
-73.2804
-66.7287
-63.45
-59.3643
-59.6038
-58.4881
-56.9807
-53.4327
-48.8313
-46.002
-44.201
-36.4667
-35.9667
-35.3699
-33.2164
-32.1861
-32.1769
-31.4403
-30.1856
-27.1779
-22.6532
-14.8101
-6.41859
-5.41719
-4.08701
-1.07321
-0.214668
1.09295
3.11871
4.07473
16.3636
20.7051
22.0516
24.9706
25.3769
25.4466
30.7278
33.3693
36.8623
38.8924
38.9472
40.8853
41.0849
44.3054
59.7353
67.3894
73.3481
71.455
75.0879
74.4527
77.2917
78.7571
77.0285
50.2648
82.6771
4.20121
-71.7806
-72.0637
-69.2491
-70.6963
-66.7403
-66.4292
-64.2757
-64.7612
-62.8772
-60.6459
-59.1891
-57.0301
-46.4997
-44.6111
-41.6179
-40.4682
-40.3119
-34.4797
-31.567
-25.1193
-20.7934
-19.7287
-16.6568
-12.8426
-10.8296
-8.79707
-7.05299
-3.84928
-3.27794
-2.19249
1.02032
2.30153
3.53059
4.34375
8.06441
8.3395
13.3397
13.767
18.2865
19.0475
19.17
19.6597
20.678
22.748
23.4176
28.024
39.4178
40.1391
44.8584
47.9138
54.8014
58.3999
62.3174
63.2411
66.455
66.4946
67.3573
69.6729
68.7659
69.5313
-74.5125
-69.0204
-66.5122
-72.2384
-71.0763
-68.2312
-65.1953
-57.2364
-58.0895
-49.2418
-54.8699
-45.5179
-44.818
-44.5253
-43.0934
-31.2664
-11.0814
-10.6892
-5.36761
0.221786
0.581063
3.57039
8.61761
10.2868
12.3586
17.8238
29.0591
33.2079
36.0893
39.0969
40.7898
42.5787
41.634
42.6463
43.3221
46.4466
47.8415
48.9708
63.5569
69.0418
76.7644
78.874
79.8399
79.7074
77.752
60.2628
80.1127
74.468
68.8211
69.1567
68.0061
61.4835
55.7872
41.6074
39.9139
38.8595
36.2723
24.9393
24.0478
22.3455
20.4218
18.8417
17.5105
15.3888
10.097
7.84993
2.79946
3.72888
-2.483
-4.05907
-2.55807
-5.37069
-7.56131
-9.14991
-8.5547
-14.6739
-18.3062
-21.7038
-31.0069
-31.6593
-41.9341
-58.7486
-58.1457
-61.9929
-53.5665
-81.844
-82.4644
-83.2507
-83.2949
-83.6591
-79.7344
-75.7344
-75.1572
-72.8807
-72.2491
-71.6225
-70.1081
-64.9227
-65.6551
-61.8416
-61.0451
-60.0392
-58.3372
-37.5581
-10.0262
-10.4752
-4.05304
-6.61725
1.03739
-0.477975
3.21892
10.3938
11.7809
11.1178
17.8901
17.8798
22.162
27.6901
29.658
35.5131
37.2861
38.509
40.4553
41.3921
47.3986
48.2941
46.2986
58.2814
66.285
76.9369
77.4101
81.4832
82.0466
78.996
81.5283
45.5361
81.3591
77.0327
72.4729
73.5784
66.059
65.7729
57.2538
53.7737
54.0949
54.1918
50.3944
47.9152
45.3527
42.2863
42.3942
39.0742
38.4137
37.66
29.8213
29.7431
25.7004
24.3411
23.0332
20.9849
18.5729
20.1308
15.4561
13.2637
11.711
10.4862
6.44447
1.30407
0.457261
-2.06696
-5.12298
-6.34397
-8.97479
-11.7918
-14.2554
-27.9199
-21.8545
-29.7417
-31.9085
-32.4891
-34.3506
-35.2861
-36.6908
-38.4087
-42.5385
-51.4784
-53.0774
-57.3482
-59.1341
-60.5509
-51.4036
-61.4881
-68.3596
-67.5135
-68.7176
-66.4394
-70.316
-75.2912
76.3519
71.7457
73.3473
72.1012
74.2294
73.8059
77.0233
73.7969
76.3583
70.9676
76.1468
69.7017
70.6474
67.3763
64.4896
61.3261
45.873
42.1563
46.4437
42.8321
42.8985
40.7818
40.3089
38.5264
38.0091
34.6328
30.8486
29.2061
22.2322
24.9395
13.2752
8.81123
5.44897
1.35462
-0.750031
-0.377201
-4.06617
-7.15415
-11.2554
-11.7028
-12.8555
-13.8821
-16.7936
-26.8558
-30.5551
-31.3629
-31.5471
-32.5182
-33.3805
-33.8719
-36.4594
-36.2164
-38.1753
-40.9421
-42.7121
-46.6902
-56.4604
-58.5637
-61.1119
-60.9086
-60.5085
-63.3391
-64.6563
-65.4076
-67.4734
-66.4199
-71.7018
-71.4501
-72.1997
-73.8766
-74.5892
-76.2946
81.6799
80.1862
80.0079
77.5351
75.1075
74.1836
72.7262
70.4763
67.6378
65.1454
64.722
60.5592
60.1529
60.297
51.0728
49.3927
48.3951
45.551
41.3358
38.0861
36.9254
27.2335
24.144
21.9748
24.1978
21.4968
18.6666
19.0398
17.1607
15.7712
15.6154
8.78014
10.3953
5.48029
7.15016
5.42547
2.99166
1.37404
0.740101
-0.383709
-0.985404
-5.10795
-5.13577
-5.68138
-16.3411
-11.9352
-15.8236
-21.5092
-24.4359
-26.5192
-29.4281
-32.454
-32.5389
-33.8301
-35.0532
-39.0488
-44.3819
-44.8986
-49.038
-52.9014
-53.1852
-55.5233
-56.5247
-54.7489
-52.8192
-55.7171
-58.8439
-66.5002
-68.3064
-71.272
-73.5961
-72.4439
62.9766
79.897
76.6283
48.6232
65.1943
70.322
69.2879
62.1936
60.051
52.8739
40.2386
43.3472
55.2551
44.1211
41.4501
40.9888
37.4473
39.6038
39.9668
38.9776
38.6482
38.7557
38.1227
36.6166
32.7595
32.1789
23.0484
12.4027
5.91203
0.711567
-8.15904
-9.0323
-11.9953
-25.4124
-23.8577
-34.5369
-34.1196
-34.6298
-34.9789
-37.2641
-42.7603
-44.0162
-44.1497
-44.5223
-44.9735
-46.6724
-48.0915
-58.6767
-62.5293
-60.335
-63.7447
-65.2958
-68.0285
-73.9853
-73.3829
-75.1985
-75.7373
-78.0196
80.2905
79.5659
64.5719
75.6601
76.0263
69.6064
72.2742
67.0682
71.1607
68.081
67.9154
65.6417
59.4126
56.4142
53.5857
49.4684
46.9218
43.514
41.3185
40.6698
39.2238
37.347
37.329
34.2916
36.7379
28.4009
26.9508
31.9903
28.1847
23.6923
21.2219
20.6108
18.7531
17.7952
16.6513
13.408
8.98921
7.11848
5.17704
3.57203
4.26936
1.2823
-1.86164
-2.41335
-0.936396
-3.43764
-4.06321
-4.68179
-5.77312
-6.89125
-11.6106
-11.0407
-20.4423
-22.6557
-19.9215
-28.3473
-27.6973
-29.367
-31.3151
-34.2326
-36.2034
-37.2743
-36.009
-38.114
-39.5108
-40.731
-45.8149
-46.2382
-47.1168
-49.5666
-51.6036
-50.8731
-53.5653
-60.9307
-62.3272
-62.4768
-64.6245
-68.7208
-77.3583
-76.5965
-72.5733
-75.2928
-80.6567
-80.9011
-80.6134
-81.389
-79.9293
-76.0282
-74.2543
-74.1501
-66.9523
-64.045
-68.7529
-60.3287
-52.8995
-51.6947
-53.831
-50.0658
-47.919
-26.6762
-45.7703
-42.768
-43.5864
-39.0015
-36.4604
-34.9133
-30.7757
-31.3327
-27.2619
-27.2353
-22.4868
-17.4844
-12.1196
-11.2126
-10.3655
-9.04918
-7.90349
-6.19382
-3.2188
-1.80692
0.433004
3.38532
6.44388
7.5206
12.0713
13.4818
17.2267
18.204
20.3149
18.1692
19.9366
24.4979
27.5943
26.7181
41.8723
42.9612
41.1229
38.9605
40.4905
41.9425
42.9374
43.0334
45.6947
44.126
48.0915
50.4998
54.9515
57.4347
58.9348
59.3307
59.0021
60.5727
67.5536
64.4347
70.3282
66.8579
67.1396
73.625
70.0468
70.7699
73.3577
65.9857
-80.4893
-79.8135
-80.7624
-78.3112
-75.3269
-74.6701
-72.2445
-70.1098
-65.1565
-63.9132
-62.434
-58.854
-54.5383
-52.7286
-50.2062
-46.2549
-49.1819
-45.749
-42.6502
-38.5645
-35.4822
-35.3613
-34.085
-33.6407
-33.4928
-31.2996
-30.8158
-27.7667
-25.2766
-16.5861
-15.7121
-14.6963
-14.2518
-11.6495
-10.7728
-4.61201
-7.99896
-5.20038
-0.608198
1.18616
1.13811
3.19519
4.75543
5.83177
7.30198
9.40622
10.7396
12.8837
14.048
17.328
16.9582
18.827
19.3727
20.3889
23.4488
24.4757
25.6192
26.4683
31.6423
36.2584
37.1828
37.6142
41.4553
40.4978
43.2255
42.5854
44.3587
45.5664
49.873
49.7587
53.5579
51.8877
58.0168
61.8832
64.5391
68.0329
70.9055
67.085
67.7226
69.8197
71.8236
74.7327
73.7181
75.8473
76.7912
-81.2609
-80.7055
-79.3266
-79.945
-78.5848
-77.323
-74.9721
-74.299
-72.1014
-70.5877
-70.3822
-66.6885
-64.8965
-62.7711
-63.2763
-60.6492
-58.3822
-54.6517
-55.2833
-50.8841
-46.224
-43.3089
-42.7783
-41.5167
-41.5649
-39.253
-37.979
-34.2874
-32.8346
-32.5588
-33.0671
-32.0898
-31.1057
-30.9635
-20.8147
-16.8214
-18.5822
-13.2981
-12.7008
-10.6986
-9.8274
-7.29648
-6.08554
2.30991
5.47471
9.35436
10.9955
12.6738
14.8477
17.7744
18.8519
19.6571
22.6607
28.2572
24.2482
32.2637
29.3851
36.131
35.9235
38.2672
38.2713
39.873
41.2295
41.4447
41.7211
42.5774
41.5907
42.9469
43.274
54.2683
49.6555
52.0693
53.4487
56.7603
69.538
68.3989
67.5869
71.9129
74.6697
80.9247
75.9375
64.9997
77.0546
83.1109
-82.7788
-82.2756
-83.0986
-76.8879
-71.0884
-68.9048
-67.9636
-68.9319
-65.9323
-64.822
-64.5552
-63.6191
-60.5798
-60.1427
-57.4812
-52.8905
-55.8567
-48.7975
-50.5481
-45.1842
-42.0284
-37.1518
-36.0769
-35.4395
-32.6859
-30.1158
-28.8501
-20.5847
-20.2373
-18.7057
-14.2484
-13.0873
-9.55114
-8.85252
-8.34411
-2.551
-1.38738
-2.7979
1.97736
5.09186
10.1486
11.4862
15.2332
18.2255
21.5827
21.8312
22.3511
24.4106
23.3932
25.1989
24.4314
33.8597
34.5053
35.5105
35.7245
35.5628
37.3363
36.514
38.3892
39.2764
39.9599
42.1403
44.1154
45.4091
48.7772
54.2851
58.834
62.4909
66.3309
66.9251
68.7665
68.4688
67.0395
68.041
73.0008
71.4389
72.236
76.2711
79.229
-78.6393
-81.5308
-75.8166
-78.093
-74.3182
-73.0842
-73.7895
-69.2663
-73.6592
-69.4087
-68.1526
-66.9156
-60.6224
-63.1624
-57.7037
-57.1788
-54.4578
-51.6266
-47.7108
-44.3413
-41.8083
-39.9921
-38.177
-36.3169
-36.1233
-34.861
-33.7761
-32.1754
-31.7487
-26.8801
-29.8002
-18.9444
-18.109
-25.4277
-14.2996
-11.465
-10.4782
-11.4776
-7.49081
-4.12729
-2.33734
-0.275741
2.16962
2.75871
8.18132
9.83368
13.4853
16.1207
18.6709
20.882
21.7189
23.7142
24.0851
25.8116
27.1757
30.2981
38.38
38.1155
39.7227
40.2163
39.2419
41.3369
45.5471
50.5414
52.6396
60.7796
59.4493
65.2573
68.7873
69.3333
71.0423
73.9499
77.5508
75.7172
78.0543
81.886
79.1762
82.7484
83.4524
83.8846
82.3112
84.003
83.4301
81.8129
81.7841
84.3834
-82.2053
-81.6521
-81.6567
-81.3155
-79.7539
-69.8651
-73.6402
-71.1487
-68.0028
-74.1067
-66.879
-66.8816
-66.7576
-65.2951
-65.294
-59.859
-59.6714
-56.3329
-50.1414
-50.7092
-49.2867
-47.16
-45.9984
-44.3096
-42.701
-40.2277
-37.872
-37.0491
-32.2482
-28.5604
-31.0992
-21.6331
-16.0512
-15.6472
-13.6699
-12.6305
-11.1773
-9.26127
-7.15726
-4.92457
-1.70194
0.0666927
1.08908
3.50394
4.0023
6.72354
10.2732
16.1862
18.2298
18.0873
21.9284
22.0857
22.4594
25.1208
24.6963
25.0189
33.57
34.3602
35.6792
36.8951
37.2459
39.2121
40.9546
43.8555
45.4522
47.4434
51.2682
55.5741
58.5194
58.7921
71.1614
66.8695
68.0389
72.0862
76.9852
74.9452
78.5921
81.7631
81.4844
82.908
-68.3585
-71.4687
-70.5963
-59.2574
-65.9792
-62.4293
-55.0122
-53.6476
-64.5501
-61.9677
-56.0913
-56.3787
-57.3264
-52.7237
-51.1449
-48.6621
-46.1283
-41.8338
-41.3431
-40.2122
-37.3056
-35.6766
-36.0483
-33.6458
-33.3712
-31.6172
-28.0653
-24.9315
-19.0276
-20.5348
-13.1729
-14.0356
-9.96191
-9.52717
-7.59567
-2.06741
-1.23279
-0.938954
3.52718
5.05797
9.12926
7.71539
12.3173
13.5356
14.1215
16.4477
22.3884
27.4452
28.4045
25.8691
31.4447
32.6402
33.0536
38.1576
36.4149
37.9408
39.1698
39.6801
40.8128
42.75
42.9929
42.7536
51.8556
54.7442
55.793
60.2791
59.2869
65.116
67.1713
65.8095
64.4632
68.4568
66.0179
71.2839
74.0068
75.7395
75.5268
80.9726
81.2695
81.3439
81.3368
-71.7863
-68.9964
-70.0796
-68.9829
-66.7181
-58.1056
-63.927
-59.5038
-63.4268
-57.785
-52.9558
-53.1576
-52.6565
-52.4746
-49.6601
-42.5438
-43.0478
-38.9152
-35.1581
-33.9355
-33.6867
-33.6336
-30.9787
-31.9827
-30.7363
-26.3522
-25.4855
-18.3148
-15.5386
-17.7734
-14.0369
-10.6609
-4.03854
-2.66202
-0.286377
4.51384
3.81541
5.40938
11.5287
17.0783
18.2466
20.4997
28.0422
21.8716
22.7648
24.6054
26.0881
29.9198
35.1298
38.6379
40.0369
41.9301
43.749
47.098
47.9768
48.1882
50.5863
52.1793
51.3854
56.211
58.256
58.6393
61.8152
66.8861
64.6594
64.6879
68.2416
68.8224
70.7862
67.8391
75.6835
70.4989
-61.7493
-60.6883
-46.925
-53.8289
-55.808
-54.8737
-54.5889
-56.5099
-54.4642
-52.9919
-52.348
-44.4493
-52.1673
-42.2213
-42.9745
-44.2783
-38.5979
-40.9728
-37.5142
-35.0464
-34.8967
-32.9945
-32.2554
-31.3991
-30.8812
-27.3583
-30.0465
-28.3827
-25.3863
-23.9838
-14.398
-11.9313
-11.3133
-9.3173
-9.08329
-7.27624
-6.67362
-4.93948
2.27625
3.87519
6.83099
7.43421
8.45972
11.7427
17.1234
16.7378
16.9039
19.9293
20.7753
21.4323
22.9176
21.6836
24.073
31.7513
34.5115
34.8507
36.4105
34.1412
38.2287
39.4993
39.5445
40.2767
40.648
40.158
43.8648
46.5577
47.298
47.5687
49.8222
50.7549
52.6193
52.477
54.371
62.7621
64.9306
63.0401
69.6625
72.0265
72.8685
75.0949
72.4056
-62.8597
-65.1088
-61.1525
-61.9679
-63.8822
-60.4597
-56.0409
-59.9221
-58.5687
-54.9659
-55.6549
-50.213
-47.132
-45.7726
-43.1649
-39.5304
-38.3476
-37.4827
-38.1071
-37.5929
-36.1626
-35.8063
-34.0927
-33.337
-33.1017
-31.3742
-30.8676
-27.8513
-29.022
-23.848
-25.4806
-17.2296
-12.5775
-11.187
-9.58194
-6.84588
-2.59916
-0.587823
1.65397
3.05668
5.86742
7.83823
11.3341
17.9745
20.4403
26.2329
22.5119
25.009
24.9635
26.586
26.321
27.5731
36.3006
32.8137
33.3357
36.9364
40.4746
39.448
41.2502
43.2026
43.1538
45.8211
46.7461
50.6243
52.1806
56.5105
61.3643
66.4745
67.666
68.851
74.1972
74.9602
75.469
78.1693
78.7789
79.992
81.5497
79.6944
75.0179
80.0416
75.1508
-73.4981
-70.6417
-79.6188
-79.6617
-67.4211
-75.1581
-75.0567
-74.0418
-68.5032
-66.8172
-66.8971
-62.8335
-60.467
-59.4355
-59.2293
-58.6381
-55.6635
-51.2654
-51.6981
-47.6916
-45.0754
-43.4214
-39.6725
-39.075
-36.2961
-36.8005
-35.2001
-34.2011
-31.7148
-31.1221
-28.779
-27.7605
-28.3311
-23.8756
-17.4235
-15.4413
-18.8935
-13.3897
-12.2386
-9.86608
-4.99919
-3.06618
-0.143848
2.38658
5.24445
4.52709
8.43095
10.3552
15.5493
17.0976
19.2277
20.8465
22.9183
22.5657
24.0932
25.6078
26.5983
27.5326
26.8773
28.3557
33.5516
36.9937
37.3863
40.4881
41.1579
43.1856
44.2851
45.9047
47.3813
48.9898
48.4043
52.0607
54.6008
61.2138
58.721
63.6264
65.2551
67.0524
68.3316
71.3917
70.7041
71.3125
73.4378
74.3111
76.8698
78.9686
83.393
66.5427
-79.1731
-76.0925
-76.3273
-74.9256
-73.9523
-73.7416
-72.6627
-70.3662
-71.6241
-70.2934
-67.8526
-66.3344
-67.2666
-64.5341
-61.2252
-59.82
-57.2651
-56.4348
-53.6911
-58.1006
-51.2235
-46.3168
-40.2564
-37.1502
-35.8463
-34.2796
-35.6772
-32.6293
-32.5428
-30.1094
-28.0962
-21.7525
-23.7511
-24.8509
-17.4071
-15.2285
-13.3139
-11.5098
-8.09104
-7.48417
-4.81589
-2.32341
0.289428
3.93922
9.64522
13.0643
17.5693
16.8853
18.622
20.9436
20.3498
21.5145
23.7518
23.1672
25.2285
24.4119
27.0155
26.6501
28.5051
36.4227
37.7789
41.2326
43.8693
46.9011
50.1193
55.1242
58.2072
56.6152
63.3571
66.7286
68.4661
72.2636
73.0299
76.2486
75.3012
76.084
77.3623
80.2424
81.2142
81.3936
80.8506
82.6004
84.4122
83.809
82.5245
84.296
85.5983
-81.5224
-77.7723
-76.3941
-80.8013
-79.9752
-75.0354
-75.1242
-73.0618
-70.2385
-68.4931
-65.9959
-63.869
-61.9416
-62.0037
-60.8944
-58.4125
-54.5745
-52.094
-49.0168
-44.0869
-42.8495
-39.792
-39.3672
-34.659
-31.3468
-30.8721
-30.4962
-29.014
-27.1559
-28.8943
-23.1705
-15.4066
-13.3271
-11.0964
-9.46286
-6.8292
-3.59179
-4.34752
-1.44462
3.33042
3.9669
5.78867
8.9983
8.67754
13.9117
17.7786
15.2571
19.3996
19.7563
19.406
22.5889
23.5785
27.0748
29.4835
28.3743
31.3179
36.5053
35.212
35.3581
38.4715
39.3348
41.2124
43.5604
42.5741
45.2708
49.4519
50.5261
51.4185
50.9679
56.2903
63.6847
60.5318
64.6502
65.7931
68.8942
70.8006
74.3207
73.8818
72.5244
67.5606
-76.4056
-73.0688
-73.7394
-73.201
-77.6609
-76.6467
-70.1134
-67.1503
-68.0152
-64.1797
-64.6658
-60.0964
-56.659
-51.9812
-46.3219
-42.8133
-43.4552
-41.5556
-40.6873
-39.2705
-37.5518
-35.2697
-37.6862
-31.5153
-29.7944
-29.328
-30.6441
-28.5415
-19.2604
-18.8979
-16.0522
-11.8965
-12.2585
-8.72258
-4.33083
-3.14589
-2.28662
-1.25263
1.28432
3.71553
4.50004
5.00406
7.38369
7.35112
7.00479
10.0513
13.3595
12.6112
15.9185
21.8065
25.4907
24.9786
30.4224
36.7106
38.4902
38.5227
39.194
38.6888
40.125
40.9711
43.8141
44.3765
46.0662
47.0428
53.8204
56.2962
57.496
62.2764
64.3921
65.9388
66.9884
67.9654
72.1252
73.5922
73.2538
75.1716
74.8292
77.7529
78.1214
79.3173
