-68.4416
-65.8501
-68.4918
-64.1215
-65.0761
-57.6681
-54.9454
-55.0424
-51.7835
-52.783
-44.1285
-41.2648
-40.567
-38.7997
-36.8059
-35.3339
-34.7938
-32.7472
-31.1175
-27.1241
-28.1846
-29.6372
-22.0414
-16.3981
-16.2678
-12.9471
-8.59173
-6.53997
-4.22657
-2.80307
3.18027
4.60265
2.87914
5.96034
9.23754
11.3193
16.3411
16.2232
17.3956
19.4264
21.9432
34.6037
33.4679
29.0073
37.0301
36.0673
37.5387
37.5457
37.8899
37.8648
40.1684
42.3853
50.6184
47.8359
57.5501
59.4403
51.063
62.235
65.6572
71.8353
65.7483
68.6072
73.4934
73.4779
76.1529
77.7809
77.4758
71.8396
76.5139
76.0946
78.7112
-80.5883
-81.507
-73.6324
-80.0585
-80.3095
-80.1439
-76.1824
-72.4396
-75.3262
-70.8169
-70.6944
-67.4177
-65.0175
-61.4476
-65.3652
-65.537
-63.7997
-64.8849
-61.3007
-56.3262
-56.8249
-51.5007
-48.2635
-46.1321
-38.437
-39.0051
-38.841
-37.3026
-34.8449
-34.4932
-33.2022
-29.7077
-27.2943
-28.9757
-28.6831
-25.1008
-17.6679
-21.7558
-13.8734
-10.0081
-6.95201
-3.39275
-3.3805
-3.72873
-3.06172
4.7548
5.62991
6.84841
11.0595
11.833
15.4365
17.0416
18.2547
20.4126
22.7943
23.3164
25.1851
25.0912
28.5905
33.9381
36.8623
41.5079
42.0074
46.5188
49.7486
45.9636
43.7924
46.9617
48.1035
48.9972
45.56
48.3113
46.8505
48.0781
51.456
52.2819
53.6184
47.7805
52.2631
57.6195
78.2719
78.4286
82.2524
80.5382
82.9091
84.0309
84.2038
83.7382
-79.6003
-77.0475
-79.4189
-68.1966
-69.2548
-71.4471
-70.8285
-67.6496
-66.9262
-64.129
-58.1545
-58.8615
-60.0316
-57.7026
-53.2164
-47.781
-41.1175
-40.7976
-37.8665
-37.749
-33.4065
-31.7608
-32.3949
-29.2939
-22.7213
-21.1509
-17.8049
-19.9478
-11.7879
-9.73468
-8.00982
-5.35394
-4.85912
-1.90606
0.768922
3.92931
3.09426
7.3219
10.5519
12.0642
12.4069
15.207
19.4622
19.2198
19.8377
20.1762
22.5138
24.5878
30.0964
34.8588
35.0174
36.8282
37.2127
38.5691
40.7112
40.8342
47.4722
45.5157
58.988
61.7756
66.0696
75.4568
73.8338
74.1329
71.1818
73.8759
75.8779
75.9705
78.3178
80.015
81.7771
70.0623
80.0652
-68.1738
-69.693
-68.7241
-64.2683
-64.6966
-62.0926
-57.9266
-51.2742
-48.0115
-43.3173
-40.861
-32.1351
-27.3648
-20.9782
-17.4218
-14.8983
-8.10578
-3.50799
-0.870876
1.79117
13.6762
14.5428
17.742
19.2676
20.1492
22.1903
27.0689
28.3997
37.8522
42.4747
42.4115
59.4974
63.5898
63.0002
66.164
68.1827
71.7724
72.0663
71.2883
73.9701
76.7626
75.9259
-78.6614
-77.7989
-77.9276
-78.0597
-77.1849
-74.1432
-72.633
-67.0483
-65.6115
-63.0207
-61.4734
-60.1007
-53.4238
-49.8342
-46.9682
-45.1129
-36.9453
-36.4407
-36.7003
-35.0167
-34.2192
-33.5749
-31.5474
-31.6048
-28.5623
-25.2114
-20.6976
-11.821
-12.4115
-11.4406
-7.41071
-5.77207
-1.6184
1.93239
4.45128
18.3604
23.095
23.4884
27.0538
27.0846
27.586
32.5648
34.1359
36.8327
39.0723
40.6346
41.9101
43.8124
48.968
67.642
67.3073
76.9334
75.5123
79.3009
78.4735
80.1928
81.5429
77.8469
83.3435
84.5012
68.4746
-75.8776
-74.5274
-73.23
-71.4474
-68.4997
-68.8651
-68.4413
-64.9487
-63.6608
-61.6277
-59.6751
-59.279
-45.3809
-48.3042
-43.7314
-38.1837
-38.6198
-36.0826
-33.0994
-26.6047
-26.1244
-19.4892
-15.7894
-15.0213
-12.3106
-10.6876
-6.60249
-4.7801
-2.15749
-1.32249
-0.573751
1.46179
2.49476
3.96427
5.87377
6.47037
13.6859
13.4754
18.2805
18.9952
19.0605
20.1899
21.2806
21.7101
22.3644
27.5872
40.1851
41.2649
45.83
48.7284
52.3485
55.9245
64.5335
64.9054
68.5309
66.586
65.6783
74.3406
66.9516
77.1851
-77.0982
-76.918
-71.9153
-74.1968
-71.357
-70.4267
-68.1243
-58.3982
-58.4994
-50.2423
-49.9467
-46.0583
-45.5013
-40.0843
-39.775
-27.3802
-16.1749
-9.53329
-5.3111
0.456062
1.67215
2.76157
6.03842
8.77146
12.2601
16.163
25.7452
34.7403
36.3336
37.8742
39.1853
42.059
40.9574
44.1083
42.942
49.6127
51.7718
50.9171
69.3111
72.379
75.0152
77.3414
80.6124
79.3674
81.7177
67.6222
76.682
74.9629
71.4907
70.3097
67.5634
61.6973
57.2469
41.1124
39.1864
38.107
34.9953
24.3264
25.1206
22.2264
20.7691
18.3317
16.0225
13.2407
8.29925
6.88184
3.35854
-0.221346
-1.57007
-2.23591
-6.8878
-7.71491
-10.2831
-10.717
-12.8968
-16.3171
-20.3424
-20.3859
-30.2998
-31.6085
-39.1367
-55.2664
-56.4932
-58.8073
-44.6888
-79.3827
-80.5169
-79.2846
-81.0161
-79.5937
-77.2903
-77.9274
-73.6447
-75.2184
-74.422
-74.0789
-70.3884
-70.1996
-69.4917
-65.6938
-66.6367
-63.6125
-60.9977
-36.3966
-10.9625
-10.1662
-6.20522
-6.53718
-1.00671
-1.06688
0.986449
8.7476
10.4728
13.2904
19.1617
19.2935
23.0107
28.0884
28.1741
34.4813
37.5023
42.0538
41.7834
42.7912
46.6044
46.4963
54.9919
57.4714
68.5791
77.6363
79.0929
81.48
81.126
81.6041
84.1306
83.6629
81.5014
80.2741
77.616
73.9991
72.7664
65.1806
68.1563
61.9204
55.7991
54.3777
50.8014
50.8997
45.0245
42.3042
41.3983
37.7445
39.1194
36.2986
32.2155
31.34
27.096
23.9383
20.5766
22.2898
17.8612
18.4031
14.2176
11.5907
8.0963
9.56013
6.16949
1.65819
1.25149
-1.28096
-6.90649
-10.4027
-11.1277
-14.8809
-17.3593
-25.6537
-23.8555
-29.0671
-33.7671
-34.3207
-35.2513
-36.379
-36.8765
-39.4678
-41.4618
-53.291
-52.5807
-57.5708
-61.9872
-61.7666
-59.8276
-57.2608
-70.6177
-67.7556
-69.631
-71.7772
-73.6792
-75.256
78.9874
76.6915
78.3823
77.307
78.1727
78.5064
74.83
81.4048
75.6512
78.5673
77.0848
77.3159
72.5076
73.1094
69.0246
60.341
37.627
39.8127
45.7555
45.3661
43.1848
38.8652
37.8259
38.0432
37.362
35.5456
32.6149
26.9713
22.2172
22.2857
10.8743
9.58561
3.77693
3.0442
0.532267
0.590111
-2.96651
-6.7355
-11.0615
-12.0827
-17.4084
-16.0637
-20.6362
-20.9345
-30.9515
-31.0829
-31.6895
-35.6812
-34.1435
-37.4358
-38.8126
-37.7985
-41.0004
-43.1901
-42.9393
-49.0484
-59.4851
-61.4976
-64.2552
-64.7696
-63.2573
-64.4937
-68.6585
-68.1346
-68.306
-69.5064
-76.4793
-74.3843
-74.6662
-76.9527
-77.4763
-77.7145
81.5911
82.296
82.0126
78.6038
77.044
76.4899
75.7101
71.3362
68.2889
68.7054
68.3157
65.1435
64.9068
59.7506
58.4428
54.6642
51.6864
49.7892
41.7709
38.7192
37.2925
32.0591
29.3365
25.495
25.2305
24.8791
20.5488
22.3691
20.2528
18.3186
16.8426
15.564
12.648
10.0519
7.35729
4.47003
3.22579
1.88472
-1.05075
-0.305168
-4.30166
-3.36767
-8.21913
-7.65588
-14.135
-14.0181
-20.0086
-19.5323
-22.4183
-28.0024
-30.5842
-33.6387
-34.6498
-34.9879
-34.699
-35.8532
-41.4066
-43.5945
-45.7215
-53.6988
-51.4584
-51.8286
-56.9412
-56.4255
-54.3851
-58.9651
-61.3569
-68.3456
-65.4874
-68.5729
-73.5673
-74.9037
82.4277
80.1256
77.6138
74.8932
69.3265
70.4158
68.0821
64.9018
53.1673
57.4648
51.8315
45.6807
50.7697
45.1728
41.7746
38.6537
38.185
37.7978
37.1161
36.695
36.307
35.5282
34.8412
33.7766
23.9956
28.278
21.8186
10.525
2.30054
-2.9918
-3.52793
-10.2802
-14.1385
-22.6591
-22.1309
-27.7668
-31.4951
-31.7184
-32.2921
-34.3384
-36.2919
-39.3507
-43.0553
-42.5122
-45.1672
-47.3213
-55.7054
-63.7047
-62.0762
-62.8924
-64.1572
-69.189
-70.1267
-74.0113
-76.7723
-76.2372
-77.3424
-78.9343
81.106
80.096
76.3266
76.474
75.5449
74.297
72.5629
69.5662
69.8887
71.3818
65.7218
62.5081
67.4739
66.1032
53.9924
51.8552
49.6763
44.8432
42.0029
41.6352
37.9288
38.0332
37.5295
37.6311
36.3615
34.5546
32.2127
32.7231
28.4186
23.6551
22.5945
21.6753
21.3124
21.2566
18.6125
14.5079
12.1553
9.14438
8.0017
5.62274
3.12061
2.62969
0.171201
-1.1784
-3.64087
-3.23799
-5.24778
-4.85447
-7.67537
-9.24029
-12.5338
-17.1242
-22.9312
-25.4406
-27.8615
-29.3429
-29.5652
-30.5302
-32.015
-33.3
-34.8461
-36.4522
-35.4869
-38.1494
-41.6252
-44.787
-49.8077
-53.7408
-57.1334
-56.9736
-62.1613
-62.2836
-64.4331
-67.6251
-70.6039
-68.7591
-69.834
-74.4413
-76.9062
-79.8845
-76.5383
-80.2402
-80.2331
-80.4262
-80.7064
-81.5506
-81.5179
-80.472
-76.3545
-76.1654
-68.8374
-69.0618
-72.5843
-65.0392
-56.1823
-62.492
-61.6708
-59.7236
-56.224
-36.6074
-50.2932
-46.886
-44.4714
-36.3623
-33.6222
-33.3372
-31.8616
-32.5626
-28.3345
-28.5341
-23.4898
-20.2899
-14.7431
-14.7907
-13.0931
-11.943
-8.34795
-3.74211
-4.98959
-1.54795
-0.404152
2.02328
5.16007
4.75653
8.20776
12.1381
16.8784
17.42
18.4793
18.0268
19.5494
23.6681
26.3684
25.2219
35.2713
39.4963
38.7854
39.0614
40.514
41.3056
43.3919
46.2481
49.6266
49.2237
57.0177
60.1688
60.7562
59.9979
63.6336
62.5022
61.7534
61.4869
71.3478
63.792
66.9209
74.2309
73.0391
75.8815
73.218
72.284
77.9157
61.2599
-82.4491
-81.7779
-80.4497
-81.0257
-80.1252
-75.8578
-75.4643
-77.2865
-71.3523
-71.1405
-71.46
-62.7805
-60.4176
-56.2437
-52.7651
-50.9473
-47.7806
-46.277
-41.4362
-38.6075
-37.2548
-37.4066
-34.316
-34.2042
-33.0554
-30.7837
-28.4464
-24.3027
-25.3073
-19.0302
-16.5846
-16.6798
-15.0094
-12.6995
-12.6143
-9.66992
-6.0594
-4.15102
-1.63908
-1.02152
1.3189
2.59475
4.14375
4.84676
6.13558
6.58164
8.19621
12.021
13.6603
17.0395
18.5572
19.1623
20.3796
21.1881
23.4502
23.3748
26.2103
27.3448
31.935
34.9501
35.7535
37.4356
38.5262
39.1043
41.7602
44.3105
45.8439
49.0003
53.6679
59.6246
59.0929
59.1575
69.4478
67.7272
73.3837
72.4352
74.6386
75.8172
68.6398
73.6807
76.9119
78.5921
80.3909
82.8624
81.9066
-81.3241
-81.423
-80.7492
-80.6814
-79.0085
-79.006
-75.6596
-76.8471
-74.7116
-75.1003
-72.3388
-70.3307
-68.524
-66.5128
-66.3829
-65.2936
-62.9729
-59.0974
-59.8506
-55.8704
-49.3466
-43.4433
-41.4593
-40.4872
-40.6339
-42.1715
-41.8213
-36.2729
-35.205
-34.9725
-33.7015
-33.0377
-31.811
-30.9035
-26.5587
-22.8665
-16.8038
-15.6529
-12.8213
-11.3471
-10.0768
-7.30944
-4.45675
2.69402
5.44008
6.50836
9.19593
13.7001
15.2605
18.3881
20.1488
19.9929
23.2433
28.9969
26.736
33.3636
29.983
36.1551
35.7823
37.3189
38.3114
38.5127
39.5976
38.3971
39.5858
41.3114
42.434
47.2907
52.0587
58.0359
56.863
64.7534
64.4174
70.1046
74.1747
75.6516
80.1998
79.6237
82.3228
83.2904
83.6767
81.0617
83.4295
84.1879
-81.4388
-81.0439
-80.7894
-78.1026
-77.1881
-71.9877
-69.523
-70.9765
-67.8807
-64.7645
-64.5125
-64.4401
-64.12
-63.1579
-61.605
-53.581
-55.0344
-48.6739
-46.9287
-43.7573
-40.3409
-37.9909
-36.4736
-35.1879
-33.3412
-27.7814
-26.3138
-21.4917
-22.2369
-18.2159
-15.5144
-13.3385
-12.4478
-7.84329
-7.21122
-2.59472
-3.69215
-2.21708
2.50656
3.27504
7.12879
10.7313
15.6943
20.1677
23.0585
22.5905
22.5341
23.3534
24.0673
24.7068
28.368
27.9744
28.51
34.602
34.4903
35.3059
35.6018
36.4545
37.0308
38.5677
41.0728
43.4555
44.2483
47.0408
51.252
60.1777
65.767
68.593
70.3676
69.4548
72.4669
73.2698
74.5528
77.9471
79.4767
80.8002
80.0478
81.4603
82.4434
-77.7074
-79.9177
-75.6037
-79.4564
-75.1999
-72.3135
-74.9365
-71.8262
-68.8248
-67.0768
-72.6594
-68.8691
-64.6255
-65.711
-62.8247
-61.2772
-59.6482
-56.2794
-50.0116
-46.2866
-44.6635
-40.2152
-38.3406
-36.8027
-37.572
-35.6377
-35.951
-33.727
-32.2228
-26.6367
-31.0748
-19.7242
-18.4846
-17.966
-17.05
-13.2309
-11.7755
-11.3411
-7.51059
-4.48532
-1.78822
0.340676
2.62533
3.21517
4.96158
9.62916
14.0385
15.3184
19.7987
20.4988
21.3442
23.9114
23.9064
25.3888
26.4065
31.1231
36.1808
36.3519
38.8713
40.0202
41.4856
42.7368
49.0108
54.4122
55.021
60.108
63.5927
65.1113
68.2212
71.0457
69.6757
73.9502
76.6813
78.6697
78.5183
80.8564
77.931
83.3992
83.1798
84.2049
82.8201
82.1995
82.124
80.2626
82.9378
80.6109
-81.3749
-81.1322
-80.4335
-79.8958
-77.9812
-75.2735
-74.0319
-71.1784
-71.5825
-74.3985
-71.5491
-72.9492
-68.7201
-67.7956
-66.3337
-66.2642
-64.6876
-62.0874
-58.5055
-54.3781
-48.9318
-47.0059
-44.5232
-42.4393
-40.9976
-38.6439
-37.4807
-34.9237
-32.2941
-27.9672
-27.6658
-27.5231
-18.2409
-17.1989
-14.4107
-13.0268
-10.2136
-8.21573
-5.26572
-3.67654
-0.403313
0.378147
2.3263
3.82677
4.06695
6.34563
9.72944
14.1055
16.8357
18.6728
19.9995
21.0342
23.2822
23.4264
23.616
28.8669
29.4411
33.4243
33.4273
35.5305
37.6863
38.8604
42.3617
44.7796
48.0132
52.7782
54.8718
61.2587
66.9874
72.5071
73.3311
73.6442
77.7248
78.9541
80.879
78.6576
80.4665
79.1089
83.9933
84.2733
-73.5826
-76.1783
-71.1483
-67.7862
-67.1241
-68.4624
-67.4389
-64.3564
-67.6345
-65.5274
-63.5754
-63.6068
-62.2895
-62.9343
-51.7142
-56.0384
-45.5111
-42.5986
-44.5986
-44.0958
-38.1808
-34.1089
-34.117
-35.5132
-31.9316
-31.7194
-29.6826
-27.316
-24.6379
-25.0603
-14.6842
-16.3633
-10.8119
-10.1746
-8.03768
-4.47653
-0.757037
-0.866666
2.73353
4.39774
5.78661
8.20875
12.4745
14.675
16.0706
25.0293
25.688
22.535
24.6757
29.2194
27.1894
33.9013
33.5002
32.2784
33.6447
36.7311
37.7864
39.3038
39.6274
41.7248
40.6407
42.6712
54.4044
57.0152
59.6794
64.0115
62.2672
66.881
64.4506
63.1087
64.1961
69.9693
71.2614
74.2941
71.9017
74.1437
76.1447
76.232
80.0714
82.305
80.4679
-75.2838
-76.02
-74.3087
-73.2727
-71.6847
-70.2494
-67.635
-67.7753
-63.7442
-63.1917
-61.3228
-54.9579
-55.5615
-48.6333
-50.6385
-43.0099
-42.2064
-38.8874
-36.3998
-36.6133
-31.5113
-33.6987
-31.9003
-30.0774
-28.7089
-28.3234
-22.5121
-22.6098
-18.9434
-15.8504
-15.4526
-12.0781
-5.99169
-2.86207
-1.2373
1.85912
4.2559
6.36898
9.58302
15.3239
18.4124
18.299
28.8285
21.8794
23.0221
25.3706
26.279
29.6898
34.203
37.5167
37.3295
40.8963
43.6088
44.6836
48.3622
50.697
54.112
57.7473
62.2781
60.5933
57.405
61.8871
60.8825
69.0391
72.2596
73.1572
73.8822
77.6396
78.4437
75.8814
77.2925
77.2608
-66.3292
-64.0156
-55.2258
-59.4165
-58.2618
-58.2224
-59.8525
-60.5111
-54.4897
-56.4205
-48.9582
-49.1264
-57.4802
-45.0674
-41.4562
-40.7223
-40.2205
-39.0271
-39.3418
-36.791
-35.2531
-34.0732
-32.5989
-31.342
-29.7784
-30.2202
-30.8519
-28.6431
-26.1777
-20.3513
-19.0016
-18.2056
-12.6957
-11.876
-10.4588
-8.26668
-6.23508
-5.3366
-3.71216
-1.22132
5.77728
5.45027
8.95636
10.3036
16.9977
16.5513
17.7186
20.7897
21.8625
23.2464
24.0234
23.1668
24.327
32.5058
34.7945
30.0967
37.1889
34.7566
37.2572
37.8961
37.6636
38.8064
40.3121
40.9176
42.2424
46.3862
54.066
46.141
53.0285
55.0623
62.2429
55.9105
65.1793
70.2399
68.9056
70.3411
75.4839
77.1222
76.9309
76.494
71.7791
-72.4037
-72.4316
-65.7729
-64.5113
-67.6961
-65.7714
-61.4528
-64.3934
-62.6347
-59.6774
-58.1553
-54.257
-52.9357
-49.305
-44.9617
-39.8496
-38.5767
-38.6683
-37.4187
-37.0643
-35.3248
-35.8422
-34.7728
-34.5434
-34.9335
-32.7512
-30.1926
-30.4956
-28.5478
-27.5054
-20.5555
-18.1961
-18.646
-14.2086
-9.60017
-7.9535
-3.44155
-1.51555
2.65301
3.72085
5.62527
7.59504
11.2074
18.1594
22.3239
27.0882
23.6816
25.8208
26.8328
30.1181
28.4457
28.051
30.2195
32.8696
32.8912
35.8938
38.3854
38.5122
40.4323
44.2181
46.2755
47.2848
50.4274
50.8457
56.7303
62.5513
66.8116
66.642
71.6863
75.9432
77.1826
75.2792
75.5366
78.1153
80.3792
75.7256
81.5222
80.8932
73.1371
82.5222
82.4209
-75.6834
-79.2147
-78.8304
-80.9211
-77.2394
-78.0349
-80.2859
-76.5851
-74.3028
-70.0391
-66.6675
-63.4723
-64.483
-63.4497
-64.5062
-63.3628
-56.8379
-56.2886
-52.178
-47.553
-45.4934
-42.4883
-41.3608
-39.6389
-37.6572
-36.5746
-35.2
-34.1806
-31.2337
-31.4194
-29.0364
-29.6496
-26.3009
-22.0117
-19.7716
-17.9541
-16.8784
-18.2718
-13.3784
-10.2912
-6.07338
-6.89169
-3.20581
-0.848427
1.91122
3.76118
4.63412
8.0727
12.7368
16.3317
18.5255
20.8803
23.612
23.8754
25.0288
26.823
28.1768
28.7858
30.0898
30.7543
36.5363
39.1232
41.192
42.2201
40.9381
44.2212
45.3208
48.7166
49.63
51.7971
52.8303
55.2311
57.3699
60.1317
64.2353
64.1712
68.9252
71.7931
67.3525
68.9305
69.1345
71.2405
73.2319
73.8056
76.585
79.0678
81.979
77.032
-77.0424
-76.0266
-75.3743
-75.8194
-77.2035
-75.7531
-76.613
-74.2873
-75.3901
-74.3089
-71.2889
-69.8462
-69.1971
-64.1629
-64.1063
-62.7987
-60.6662
-55.6859
-57.0893
-57.0319
-49.582
-47.4881
-44.8549
-39.642
-37.4338
-36.5408
-35.425
-32.1211
-31.254
-29.2266
-29.0332
-21.8324
-26.5355
-23.4818
-18.9452
-15.5786
-14.5457
-12.5531
-8.54806
-5.87646
-3.88198
-2.4053
-0.885503
4.77045
6.17217
11.6243
11.1188
15.2974
18.262
20.9798
21.9887
23.1816
25.4825
25.9894
25.2841
24.5311
28.9724
27.2228
30.8699
32.8432
37.1712
40.2198
42.3874
45.8532
48.5915
51.6591
58.8297
58.8187
66.698
70.2494
70.7336
73.6926
73.3071
76.4641
79.2076
75.7196
78.6014
81.1015
82.9395
83.1773
83.6556
83.2
85.1657
84.9362
84.9583
85.3383
85.348
-81.4229
-80.6854
-80.4077
-81.4912
-77.6894
-79.2389
-78.1604
-75.488
-77.2637
-69.0298
-69.2406
-67.7152
-63.7471
-60.2783
-58.312
-58.208
-55.8173
-54.8409
-51.5692
-43.1124
-40.7111
-39.4153
-37.7465
-35.4134
-32.3247
-33.1085
-32.6085
-30.5143
-30.0598
-27.2343
-23.1123
-18.7021
-14.9562
-12.1494
-11.1211
-7.18922
-6.13721
-2.40103
1.01302
1.30125
4.57833
3.60363
8.04056
8.10827
11.0639
13.7433
16.5729
18.5207
18.9864
22.1845
23.0958
24.8331
26.0777
29.4815
30.9606
32.051
34.4636
35.723
37.4215
39.0772
39.1173
42.5054
42.1811
44.7898
47.8152
52.0232
54.1981
56.2112
58.4391
61.5924
66.3081
65.1672
72.3688
73.3596
75.0966
74.9288
72.6854
72.7875
79.8401
76.3654
-79.9253
-79.2543
-76.4275
-77.4711
-78.2255
-78.6867
-75.2919
-72.9278
-70.8713
-69.9291
-69.6098
-60.4814
-60.594
-59.6323
-49.5505
-47.6306
-45.9748
-40.6947
-41.4736
-39.4354
-37.8308
-35.4622
-37.5124
-30.4214
-28.0767
-27.1183
-28.8993
-25.5723
-23.1264
-20.8415
-16.0119
-17.7777
-14.9876
-9.95608
-8.33813
-4.66237
-2.73244
-1.53987
1.54475
3.99078
4.56784
6.76687
6.65596
8.92061
9.02635
10.7603
15.6662
17.348
22.9747
25.2305
30.303
29.5079
33.1725
36.6354
38.012
37.9235
38.537
40.2277
39.7987
41.2234
44.0754
41.5671
45.4319
49.5988
54.8021
57.4973
63.0105
66.303
66.8081
69.7534
70.3443
71.3891
75.4776
75.4113
76.3953
76.9223
78.2104
80.0132
80.3823
82.5041
