-68.4849
-64.5578
-67.921
-63.7695
-64.3068
-56.9631
-55.143
-53.8819
-51.6085
-52.7371
-44.573
-42.3034
-41.3873
-39.6921
-37.4598
-36.278
-35.8346
-33.2067
-31.0454
-26.5194
-27.8127
-29.069
-20.5534
-15.981
-15.6027
-12.3697
-8.04923
-6.24174
-4.01031
-2.48444
3.31562
5.11023
3.61012
6.43833
9.07055
11.199
15.2273
15.6128
16.8631
19.4556
22.1846
36.2483
34.34
30.7188
37.9212
37.3451
38.2764
38.3117
38.9322
39.1543
41.3721
43.9071
51.9236
49.3567
57.0951
58.446
49.6878
60.8908
63.365
69.7396
64.7045
67.137
71.0543
71.5497
73.2253
75.6296
74.156
67.0442
74.4403
72.6863
74.2286
-78.488
-79.4072
-60.0529
-79.2329
-78.7398
-79.0209
-75.1664
-71.8515
-74.1429
-68.0569
-69.9505
-65.3374
-64.0104
-59.4636
-63.0575
-64.6396
-60.9523
-63.0729
-60.4366
-56.5849
-56.9293
-53.0209
-49.8152
-48.0942
-41.0201
-40.4863
-41.2163
-37.6989
-35.3066
-34.9529
-33.1467
-29.5505
-27.0012
-28.7966
-28.465
-24.599
-17.3255
-21.03
-13.3915
-9.34212
-6.92105
-3.17299
-3.27704
-3.49458
-2.83328
5.10398
5.68699
6.93434
11.0968
11.9221
15.3299
16.8451
17.8765
20.126
22.5881
23.038
24.896
25.1666
29.3705
35.0462
38.1861
42.5581
43.2282
47.024
50.0694
46.6057
44.5419
47.5862
49.5622
49.9431
47.0081
50.325
49.0919
50.2376
53.7074
53.5938
55.2777
49.7484
54.0279
58.045
71.3389
72.5578
70.5457
66.8648
73.7324
75.1307
74.6405
68.437
-77.9238
-74.6859
-76.0052
-65.2521
-67.4349
-69.5526
-69.1203
-65.4814
-64.9361
-62.0734
-56.0284
-57.157
-58.0299
-56.6517
-53.0132
-48.0199
-43.621
-42.476
-39.5178
-39.0198
-34.4689
-32.2431
-32.3845
-29.2808
-22.6601
-20.961
-17.8629
-19.607
-11.7926
-9.66425
-8.25222
-5.76732
-5.10169
-1.99685
0.957309
3.97071
3.43706
7.84298
10.5511
11.7083
12.195
14.8587
18.8862
18.8582
19.3998
19.8333
22.5299
24.864
30.7259
35.3197
36.0383
37.2694
37.8888
39.5218
42.2379
42.5157
49.59
48.523
57.7255
60.1196
63.6191
73.0577
70.7831
71.2923
68.5781
69.9289
72.1669
72.3581
72.5862
75.4377
78.1838
69.6076
76.7066
-60.0172
-69.8296
-68.711
-63.9876
-64.3516
-61.0679
-56.8892
-52.441
-48.2671
-44.1039
-41.3796
-32.6154
-28.0145
-21.3386
-17.8442
-15.4127
-7.93733
-3.70896
-1.38881
1.18479
12.6957
14.023
17.2981
18.7425
20.0276
22.4843
29.2033
31.9863
40.2264
44.5971
44.1451
59.6005
63.3559
63.1799
65.7588
68.1727
71.6095
71.6327
71.1381
73.1618
75.2255
75.0678
-77.7163
-76.8742
-77.0709
-76.413
-75.5734
-72.93
-71.6501
-66.7955
-65.236
-63.2462
-61.5471
-59.7911
-53.9928
-50.5276
-48.5447
-46.7023
-37.3227
-36.5661
-36.575
-36.1557
-34.2615
-33.3808
-31.2612
-31.2359
-27.8099
-24.3275
-20.0554
-11.8815
-12.0417
-11.1417
-6.85985
-5.40147
-0.911661
1.78247
4.27246
16.6514
21.9667
22.5949
26.8272
26.8807
27.5092
32.9373
34.5915
37.1858
39.7364
41.5547
44.1369
46.1647
50.3935
66.2251
65.6749
75.0733
73.1069
76.9233
75.333
77.5456
76.3745
73.1521
74.0033
82.1908
53.1762
-69.9514
-69.1439
-69.1395
-63.9241
-66.8875
-66.8362
-63.4345
-61.3143
-59.4617
-59.644
-57.9778
-56.9733
-47.0481
-48.0331
-46.0615
-41.6561
-41.4211
-38.6484
-35.5013
-26.3915
-25.7505
-19.106
-15.8926
-15.1992
-12.5581
-10.7582
-7.26239
-5.36032
-2.96241
-1.95525
-0.820464
1.12754
2.43548
4.61817
5.86998
6.62143
12.7954
12.854
17.8539
18.4689
18.7207
19.7289
20.8055
21.9102
23.083
28.7488
40.5332
43.1894
46.3969
48.7928
53.6432
56.8587
65.208
63.9986
67.2386
66.3957
66.5859
72.3629
67.5532
74.9792
-75.3192
-75.2182
-71.068
-72.4115
-69.405
-68.4807
-67.5351
-59.9847
-59.4145
-53.9545
-52.7108
-49.1079
-48.8086
-42.8285
-43.3297
-27.7871
-16.7883
-10.4914
-5.51676
0.225747
1.66712
3.19392
6.27523
8.89725
12.3891
16.6897
26.5098
35.5117
37.0268
39.3905
40.7095
43.7242
42.5867
45.9134
45.411
51.6288
53.3566
41.2564
67.7697
70.2408
72.929
74.9056
78.2711
77.0032
76.2063
65.7458
74.4471
73.4802
69.3763
68.3767
65.6309
59.9603
57.2753
42.8741
40.4066
39.264
35.3465
24.4716
24.8914
22.1756
20.5133
18.1018
15.8976
13.2584
8.49127
7.13388
3.59041
-0.0473837
-1.45884
-2.32859
-7.08438
-7.9936
-10.5185
-10.7897
-12.8587
-16.1182
-20.1986
-20.294
-30.1848
-32.6976
-41.1599
-53.1063
-54.7361
-57.0339
-48.2927
-79.1094
-79.881
-78.8189
-80.5403
-78.8973
-75.6453
-75.5215
-72.1887
-74.0168
-73.5258
-72.5695
-69.9054
-69.3578
-67.9576
-64.6202
-65.578
-62.2252
-60.2092
-39.1195
-10.8706
-10.2321
-6.40644
-6.70537
-1.45006
-1.27962
1.16362
7.98532
9.38894
12.7433
18.3687
18.8768
23.0741
28.8816
29.1545
35.2055
38.3231
43.515
43.4449
44.9833
49.5863
49.2906
56.5448
59.5991
68.106
76.2983
77.3633
80.3883
78.7506
79.3549
81.5097
80.8082
77.4893
76.6194
74.4351
71.3856
71.025
66.2639
67.0481
62.3197
58.8205
58.4986
54.8919
53.2773
48.2066
44.317
42.9609
38.3414
39.362
36.702
33.0821
31.9991
27.5694
23.9293
20.6005
22.1502
17.8034
18.1702
14.2606
11.483
8.24604
9.74371
6.49097
2.0222
1.45841
-1.31059
-6.97138
-10.4458
-11.0922
-14.6455
-16.9891
-25.4609
-23.4174
-28.8175
-33.9147
-34.7176
-35.8535
-37.1044
-37.8719
-40.8769
-42.8015
-50.7601
-49.8416
-56.0989
-60.0073
-60.7146
-58.0423
-55.2116
-69.1356
-65.6669
-68.3845
-70.384
-72.1034
-73.8127
76.0876
72.4136
75.8016
73.6511
74.4909
75.1816
72.6144
79.1254
71.5386
74.4958
73.7364
74.3465
69.9254
70.9274
67.2115
60.1172
33.3921
39.3502
47.0404
46.7874
44.5219
39.2416
38.1232
38.7347
38.1298
35.7285
32.9498
27.6418
22.3928
22.4774
10.8285
9.53846
4.00166
3.18152
0.768773
0.718137
-2.96257
-6.9422
-11.2837
-12.4311
-16.8949
-16.326
-20.2016
-20.9497
-31.0583
-31.1875
-32.0406
-36.2438
-34.6863
-38.8088
-40.0924
-39.4815
-43.5761
-45.2329
-45.2959
-51.1932
-59.7675
-60.9698
-63.822
-63.7485
-62.7935
-64.0808
-67.9468
-67.4385
-67.7413
-69.2195
-74.5965
-72.8732
-73.7876
-75.5224
-76.3442
-76.6032
80.6277
80.4404
79.7066
76.4313
76.0022
74.9655
73.6286
70.7812
68.4094
68.3183
68.0729
65.3956
65.148
61.5702
59.446
56.0425
54.6409
52.485
44.5543
39.8312
38.409
32.7722
28.1707
25.6849
24.7526
23.9036
19.5369
21.805
19.7871
16.908
16.077
14.7181
11.9565
9.77337
7.3988
4.68071
3.50006
2.12705
-0.973218
-0.208809
-4.24407
-3.6002
-8.00101
-7.66607
-13.5479
-13.8237
-19.2931
-18.9444
-21.5311
-27.6635
-30.6296
-33.6241
-34.5637
-35.9533
-35.8852
-38.2542
-42.3785
-45.7515
-48.1636
-53.6441
-52.004
-52.1972
-56.7121
-56.0684
-54.0959
-59.2471
-60.8078
-67.3846
-65.273
-67.3991
-70.6262
-72.5414
78.7483
75.7334
74.4322
73.2694
68.6899
69.4635
67.3608
65.1575
55.3703
58.5591
53.9015
46.6577
52.3125
46.7686
42.4855
39.4387
38.6428
38.2406
37.4082
37.0235
36.5831
36.1142
35.3176
34.301
25.3511
28.9308
22.7094
10.6704
2.44324
-2.84576
-3.82645
-10.5499
-14.5735
-21.0105
-21.7778
-27.8711
-31.6481
-31.9714
-32.6041
-34.6644
-37.0937
-40.5702
-44.376
-44.046
-46.7358
-48.9711
-55.6465
-63.9071
-62.4843
-62.6758
-64.5022
-68.3503
-69.949
-73.6012
-75.9305
-75.7042
-76.9478
-78.2447
79.742
78.4913
74.2867
74.7728
74.2375
72.8715
71.3506
68.0082
67.8337
69.3737
65.2073
62.9803
66.0414
65.2752
55.5089
53.2703
51.5539
46.7849
43.8553
43.0302
38.6963
38.8832
37.9083
37.8571
36.4847
34.7012
32.7873
32.9856
28.9206
23.7952
22.669
21.578
21.1767
21.0041
17.8722
14.0824
11.8608
8.85714
7.71674
5.54721
3.28947
2.6307
-0.0775397
-1.32462
-3.73461
-3.13691
-5.40134
-5.32084
-8.01137
-9.41464
-12.5106
-15.8896
-21.958
-24.566
-26.7868
-29.0619
-29.6323
-31.0216
-32.5982
-34.1604
-36.4711
-38.5106
-37.5661
-40.2924
-42.8243
-45.6363
-49.541
-52.9209
-55.2509
-56.1549
-60.1497
-60.4648
-63.253
-66.3318
-68.735
-67.4243
-68.3496
-73.5395
-74.5406
-77.2358
-74.0173
-77.4717
-78.6222
-79.2483
-77.8679
-80.4106
-78.9227
-77.2559
-74.4756
-74.1941
-67.7723
-66.4535
-70.535
-64.9164
-51.8033
-59.0056
-59.3479
-58.4564
-53.9778
-37.5231
-50.899
-47.8437
-46.4548
-38.8688
-35.1416
-35.2568
-32.6679
-33.679
-27.6748
-28.2872
-22.8657
-19.7251
-14.8277
-14.7167
-13.0666
-11.9165
-8.59701
-3.59246
-4.6318
-1.35334
0.20643
2.67441
5.7996
5.38737
8.21978
12.1904
16.5951
17.3259
18.522
18.425
20.4676
24.5572
28.0584
26.0136
38.3847
40.3761
40.0037
40.5888
43.8151
42.7746
45.1577
47.4242
51.4346
50.9119
57.4175
59.5601
61.0324
60.9864
63.6289
63.1812
62.2596
61.7417
70.5127
64.1078
66.921
66.7798
69.5922
73.9056
71.1184
67.2911
76.0464
32.1776
-80.6899
-79.8347
-78.0088
-79.1102
-78.1519
-74.3385
-73.5756
-74.7288
-69.0778
-68.7277
-68.7725
-62.3131
-60.5777
-56.2326
-53.7902
-52.6609
-49.6979
-48.0698
-43.4665
-40.0049
-37.8177
-38.0668
-34.4565
-34.3595
-33.0127
-30.642
-27.9944
-23.8126
-24.8702
-18.6351
-16.3382
-16.1171
-14.763
-12.0181
-12.5822
-9.65119
-5.96367
-4.06842
-1.89216
-1.12185
1.26194
2.47755
4.14889
4.90125
6.64464
6.98832
8.46652
11.7969
13.2009
16.2899
17.8564
18.5565
19.9635
20.849
23.6376
23.0825
26.5981
27.6534
32.5279
35.3743
36.3087
38.1862
39.5866
39.8715
43.6806
46.0159
47.5981
50.9826
54.9415
59.911
59.9518
60.0106
68.4035
67.3274
71.7854
71.2387
72.8553
73.0035
68.8026
72.2895
74.4957
76.695
77.5152
80.432
78.8506
-79.8999
-80.3673
-79.4653
-79.0232
-76.8719
-76.9992
-74.6358
-75.2299
-73.8928
-73.4093
-70.9453
-69.7137
-67.6136
-66.0665
-65.2303
-64.1577
-61.7881
-58.7172
-58.8573
-55.9616
-50.4272
-44.2462
-43.1591
-42.1862
-42.4028
-44.883
-44.5424
-38.1821
-36.7227
-35.9579
-34.1616
-32.879
-31.754
-30.8507
-26.2159
-22.3957
-16.349
-15.0879
-12.6779
-10.8272
-9.63248
-6.99009
-4.05617
2.85988
5.47544
6.6018
9.11069
13.3766
14.9697
18.0565
19.7995
19.5911
23.1527
29.4719
26.9433
33.6698
30.6665
36.4576
36.2234
37.6118
38.6643
39.2414
40.1649
38.8645
40.9953
43.6411
44.5288
49.6251
54.033
58.7221
57.4884
64.2583
63.7097
67.6312
71.7035
71.7664
75.07
76.4006
79.7867
80.9286
81.4182
74.9442
79.9158
81.6533
-79.8195
-79.7555
-79.612
-76.0993
-75.2596
-71.4599
-69.0229
-70.1648
-67.674
-64.6483
-64.3908
-63.9775
-63.5646
-62.3213
-60.7772
-53.2074
-54.3654
-49.7429
-48.2399
-44.6418
-41.8943
-38.8592
-37.0224
-35.651
-33.6912
-27.5694
-25.842
-20.8774
-21.7448
-17.3736
-15.1235
-13.0726
-11.9612
-7.65612
-7.11824
-2.17756
-3.15107
-2.16917
2.69004
3.35708
6.97304
10.6906
14.6695
18.9004
22.4079
21.898
21.9786
23.154
23.7749
24.8155
28.7185
28.2783
28.7824
34.7346
34.5715
35.4803
35.87
36.7372
37.6058
39.2391
41.7875
44.8098
45.7547
48.9168
52.609
60.2075
64.9759
67.8742
69.6417
69.2458
71.3555
72.4126
73.2847
75.6326
77.0045
77.2479
77.402
79.0726
80.4503
-77.3186
-79.0701
-75.5853
-78.4331
-74.9339
-72.6448
-74.3177
-71.9069
-68.9655
-67.1463
-72.2258
-68.6176
-64.5705
-65.4118
-62.254
-60.7915
-59.134
-55.7959
-51.0243
-47.6318
-46.0538
-42.1718
-39.792
-38.6751
-40.3032
-36.5844
-36.8665
-33.8967
-31.9837
-26.6194
-30.8238
-19.5548
-18.3195
-17.8506
-16.5116
-13.0286
-11.5584
-11.3574
-7.77811
-4.7541
-1.94947
0.310417
2.82857
3.24878
5.09979
9.77015
13.9015
15.0316
19.4237
20.1434
20.9767
23.6012
23.5669
25.4434
26.2535
31.5024
36.4411
36.6794
39.2166
40.7116
41.846
43.3028
49.4621
54.2716
54.9347
59.5837
63.0705
64.2711
67.413
69.6083
68.7454
72.716
75.4851
77.1517
76.8077
78.4521
74.4144
81.7675
80.8169
82.9005
79.9372
79.9572
80.2662
78.3144
80.714
78.2328
-80.4779
-79.8407
-78.8982
-78.2045
-76.6968
-74.0613
-73.0581
-70.7115
-70.93
-72.7374
-70.9712
-72.1176
-68.0653
-67.3267
-65.5856
-64.0933
-63.2591
-60.7366
-58.569
-54.8857
-51.24
-50.1477
-47.2607
-44.4708
-43.4746
-40.3445
-38.8694
-35.8788
-32.9561
-28.061
-27.6112
-27.5156
-18.3752
-17.2481
-14.6751
-13.1616
-10.3646
-8.37427
-5.46069
-3.88823
-0.398682
0.306286
2.32589
3.90653
4.17078
6.72173
9.74059
13.937
16.6596
18.5032
19.7239
20.8071
23.1877
23.4314
23.697
29.2882
30.0152
33.7468
33.8986
36.3347
38.8008
40.3529
44.185
46.4009
49.7283
53.543
55.5389
61.1527
65.8993
70.6213
71.6109
71.7838
75.8183
77.1036
79.2659
76.5913
79.3011
75.3994
81.3998
82.1256
-71.5176
-74.4246
-70.6859
-65.0949
-67.3244
-68.2368
-64.9723
-63.0508
-66.9213
-64.8389
-61.5302
-62.3938
-60.4818
-59.8018
-51.7691
-54.601
-45.7262
-44.6603
-46.4586
-45.0619
-39.6323
-34.5449
-33.6539
-35.255
-31.6745
-31.658
-29.254
-26.8885
-24.1971
-24.296
-14.5283
-15.1755
-10.5388
-9.94762
-8.09115
-4.74659
-1.14707
-1.17808
2.69814
4.38884
5.66807
8.15172
12.1726
14.6736
15.8071
24.3406
25.3819
22.5048
24.72
29.6712
27.4896
34.2971
34.3314
32.7699
33.9506
37.6011
38.6053
40.2523
40.8164
42.968
41.5927
44.4714
54.7838
56.8013
59.113
63.2838
62.2243
65.5478
63.4819
62.4934
62.7183
69.2178
68.813
72.0795
70.8074
71.8884
74.1498
73.9207
76.3119
77.1574
74.9
-72.9709
-73.5445
-72.4883
-70.8587
-70.2589
-66.203
-67.0379
-66.2893
-63.6042
-62.1935
-59.576
-55.9324
-55.5565
-50.5957
-51.3587
-44.59
-44.4018
-39.4368
-36.9045
-37.0204
-31.4091
-33.5499
-31.76
-29.9809
-28.6063
-28.2816
-22.3465
-22.478
-18.657
-15.149
-14.8351
-10.9698
-5.81073
-1.98898
-0.511169
2.34451
4.95925
6.80987
9.80531
15.153
17.8782
17.9406
28.0069
21.437
22.7949
25.8171
26.8223
31.1364
35.4132
37.9782
39.2949
42.2212
45.0503
45.8779
50.4854
51.7515
56.0665
58.6138
62.9728
61.9429
58.6298
62.9998
62.7719
69.0867
71.058
72.2495
72.7578
74.0041
75.2416
73.3666
75.8378
74.9088
-64.9322
-60.3229
-54.6774
-59.9426
-58.0281
-57.9551
-58.8163
-58.6246
-53.7607
-55.7938
-49.7259
-49.2842
-56.2881
-46.6412
-43.4958
-43.0993
-42.0105
-40.3286
-39.9299
-36.7962
-35.175
-33.941
-32.265
-30.961
-29.4466
-29.5293
-30.6361
-28.28
-25.1206
-19.7649
-18.1693
-16.7396
-12.7992
-10.969
-9.71213
-7.50545
-5.52422
-4.47199
-3.07043
-0.692346
5.52193
5.53874
8.73939
9.77354
15.7655
15.6443
16.9434
20.3208
21.5115
23.1416
23.9469
23.1155
24.053
33.055
35.2492
30.6135
37.5776
35.31
37.7979
38.5749
38.4855
39.6824
41.7492
42.3703
45.1056
48.9893
55.4294
49.009
55.4668
57.1053
62.7477
57.3599
65.7945
69.4683
68.1136
69.5314
73.175
75.1206
75.2735
72.8365
71.8039
-70.3031
-69.8677
-64.9458
-64.3017
-66.7304
-64.9167
-60.0293
-62.9419
-61.238
-57.9917
-56.6712
-53.798
-52.1588
-49.6547
-45.8743
-42.0908
-40.3964
-39.6983
-39.8688
-38.5026
-36.1835
-36.4802
-34.9866
-34.5432
-34.8127
-32.8009
-29.7959
-30.1581
-28.0796
-26.8287
-19.8365
-17.3108
-17.3277
-13.1376
-9.09327
-7.2236
-2.97509
-1.11679
3.04783
4.19031
6.19406
7.88229
11.1081
17.5733
20.7645
26.228
22.6934
25.0159
25.9282
29.826
28.5373
28.2561
30.4319
33.077
32.938
36.081
39.0928
38.8901
41.2638
46.0005
48.8711
48.8033
52.048
53.7504
57.5489
62.119
65.4939
65.2903
69.1679
73.2062
74.2666
69.0253
72.4705
75.6489
78.1009
72.8291
77.824
78.4786
70.567
79.0511
79.589
-74.6491
-78.2288
-77.1253
-79.0874
-75.1624
-76.1341
-77.6297
-74.3773
-72.54
-69.7534
-66.7692
-63.5432
-64.1984
-63.1959
-63.9802
-62.4954
-56.8723
-56.4206
-52.9666
-48.8726
-46.8643
-43.6102
-42.2024
-40.207
-38.2202
-36.77
-35.2954
-34.1368
-31.1604
-31.3572
-28.9352
-29.5515
-26.1425
-21.8306
-19.5191
-17.7117
-16.6268
-17.9188
-13.0889
-9.96152
-5.93407
-6.72687
-3.15426
-0.460052
2.12965
3.92292
4.99224
8.12459
12.5939
16.0173
18.0124
20.1593
23.6253
23.6753
24.8822
26.7615
28.2453
28.8015
29.9337
30.6803
36.6632
39.1148
41.0422
42.0948
41.4242
44.7725
46.0004
49.1405
50.2734
52.8976
53.8707
56.3856
58.5536
60.9942
64.2414
64.987
68.0795
71.3627
67.1604
68.9909
69.2532
70.6823
72.2434
72.5662
75.6856
77.2726
79.5972
73.4063
-75.6832
-74.8728
-73.4375
-73.3921
-75.2631
-73.791
-72.7682
-71.972
-73.8947
-72.3344
-70.1119
-69.3997
-67.7137
-64.1993
-63.8499
-62.6178
-61.8073
-57.2448
-58.203
-58.2122
-50.8767
-49.3926
-45.837
-41.0788
-38.2522
-37.7411
-35.3882
-32.1329
-31.2512
-29.1362
-28.9867
-21.5302
-26.4358
-23.1559
-18.1445
-14.9532
-13.7119
-11.7154
-8.11798
-5.55273
-3.66373
-2.25261
-0.610561
4.81017
6.49808
11.5428
11.0848
14.6384
17.2348
19.9509
20.9546
22.5358
25.0591
25.8743
24.5373
23.9762
29.4715
27.5153
31.4805
33.3416
37.9279
41.2876
43.6724
47.3565
50.0258
53.1314
59.4951
59.6439
66.1254
69.3997
69.9772
72.5353
72.0898
74.8861
77.7335
74.9277
77.0529
78.2821
80.3662
80.3165
81.5954
80.8159
82.6092
83.2746
82.7323
83.9433
83.4632
-80.6045
-78.9778
-79.0148
-80.0094
-76.1974
-77.4656
-76.8232
-74.4546
-75.3334
-69.3378
-69.4394
-67.9693
-64.444
-60.8985
-58.8228
-58.2189
-56.0841
-54.2435
-51.4646
-44.7048
-42.5522
-40.3291
-38.9936
-36.5112
-32.0298
-33.1405
-32.5862
-30.262
-29.4378
-26.4927
-22.2086
-18.2774
-14.9752
-11.7215
-10.8532
-7.28533
-6.29914
-2.7845
0.844914
1.07698
4.25721
3.28407
7.47909
8.15762
10.5809
13.3403
15.9031
17.4666
18.2383
21.6098
22.5051
24.6227
26.1356
29.2197
30.7886
31.9902
34.8511
35.7258
37.4464
39.1964
39.3484
43.0359
42.9133
45.8756
48.8418
52.7264
55.2542
56.6993
59.6394
62.2827
66.3033
65.0789
71.4435
72.375
73.8225
74.1209
71.6762
72.5848
77.721
75.9841
-79.3767
-78.5117
-76.0617
-76.9939
-77.5856
-78.1918
-74.5878
-72.3182
-70.101
-69.2902
-68.8103
-60.2064
-60.7778
-59.3751
-50.8023
-48.8177
-47.2837
-41.759
-41.6142
-39.4731
-37.7993
-35.461
-37.4626
-30.2185
-27.6849
-26.6731
-28.7669
-25.2245
-22.9216
-20.6456
-15.9139
-17.5466
-14.781
-10.0906
-8.33366
-4.69519
-2.77992
-1.7039
1.38466
3.92727
4.64503
6.74786
6.68418
8.96886
9.19804
10.8206
15.4386
16.5263
22.4179
25.0094
30.4104
29.5485
33.0527
36.8215
38.4426
38.1905
38.907
40.2636
40.7036
41.761
44.7165
43.0651
47.5814
51.0091
55.2913
57.5247
62.7347
66.2013
66.7268
69.3712
69.3297
70.1904
74.195
74.3852
75.3852
76.077
76.0843
79.0024
78.924
81.0088
