L_320.bmp 320 -63.5642 -76.018
L_323.bmp 323 -61.1221 -72.173
L_325.bmp 325 -62.8685 -70.375
L_327.bmp 327 -61.7525 -68.324
L_329.bmp 329 -59.1222 -66.225
L_334.bmp 334 -55.0528 -58.068
L_337.bmp 337 -53.1723 -55.763
L_338.bmp 338 -54.0195 -53.553
L_341.bmp 341 -47.8693 -47.87
L_343.bmp 343 -47.7911 -45.892
L_346.bmp 346 -41.3576 -43.975
L_354.bmp 354 -41.5019 -40.066
L_357.bmp 357 -39.8872 -37.966
L_360.bmp 360 -37.6739 -35.997
L_362.bmp 362 -36.4879 -34.194
L_365.bmp 365 -35.4968 -31.883
L_369.bmp 369 -33.6049 -30.12
L_372.bmp 372 -31.5133 -28.087
L_374.bmp 374 -31.5014 -26.278
L_377.bmp 377 -29.0437 -23.712
L_380.bmp 380 -25.7956 -21.706
L_383.bmp 383 -30.1381 -19.696
L_385.bmp 385 -25.7713 -18.189
L_388.bmp 388 -12.2746 -15.952
L_391.bmp 391 -16.7745 -13.688
L_394.bmp 394 -10.4321 -12.021
L_403.bmp 403 -8.48021 -10.042
L_412.bmp 412 -4.32213 -8.1968
L_415.bmp 415 -1.54211 -6.2069
L_417.bmp 417 1.35577 -4.336
L_419.bmp 419 2.83997 -1.8042
L_421.bmp 421 3.25669 0.1571
L_426.bmp 426 5.83029 2.1578
L_429.bmp 429 8.14438 4.4562
L_430.bmp 430 10.643 5.5488
L_433.bmp 433 13.7766 8.024
L_437.bmp 437 17.0781 10.454
L_439.bmp 439 16.887 12.277
L_441.bmp 441 19.8656 13.653
L_444.bmp 444 20.4375 20.207
L_446.bmp 446 24.982 22.187
L_448.bmp 448 33.7534 23.891
L_450.bmp 450 28.9964 26.102
L_452.bmp 452 28.2529 28.089
L_456.bmp 456 35.1588 29.833
L_458.bmp 458 36.8917 32.196
L_460.bmp 460 37.5407 34.056
L_464.bmp 464 37.3225 35.831
L_466.bmp 466 38.1783 37.66
L_469.bmp 469 39.0284 40.093
L_471.bmp 471 38.8728 41.913
L_473.bmp 473 41.4926 44.104
L_477.bmp 477 43.8097 49.938
L_479.bmp 479 44.2816 52.092
L_480.bmp 480 49.8366 53.722
L_482.bmp 482 50.4748 56.422
L_484.bmp 484 46.1348 58.459
L_486.bmp 486 61.6222 59.685
L_490.bmp 490 60.6833 63.606
L_492.bmp 492 57.0112 65.87
L_494.bmp 494 65.6538 67.898
L_496.bmp 496 62.416 69.985
L_499.bmp 499 67.9261 74.009
L_501.bmp 501 67.6102 76.229
L_503.bmp 503 70.7299 78.348
L_505.bmp 505 71.7757 80.261
L_508.bmp 508 75.7884 82.047
L_512.bmp 512 72.8578 83.863
L_515.bmp 515 74.1712 85.863
L_518.bmp 518 73.5419 87.929
L_527.bmp 527 78.1657 89.882
L_419.bmp 419 -82.4599 -90.408
L_422.bmp 422 -81.6811 -87.658
L_424.bmp 424 -58.9083 -85.656
L_427.bmp 427 -80.1835 -83.924
L_432.bmp 432 -79.5721 -81.891
L_433.bmp 433 -78.7168 -80.434
L_435.bmp 435 -75.6192 -77.613
L_438.bmp 438 -72.3339 -72.354
L_441.bmp 441 -69.2693 -69.936
L_444.bmp 444 -64.4831 -67.824
L_451.bmp 451 -68.07 -66.076
L_456.bmp 456 -61.823 -63.643
L_461.bmp 461 -62.5684 -61.904
L_465.bmp 465 -57.143 -60.235
L_470.bmp 470 -62.4893 -57.927
L_472.bmp 472 -64.482 -56.161
L_476.bmp 476 -60.1643 -54.064
L_479.bmp 479 -59.8758 -52.083
L_483.bmp 483 -56.9314 -50.239
L_486.bmp 486 -54.2586 -47.775
L_488.bmp 488 -54.4165 -46.244
L_492.bmp 492 -52.4202 -43.67
L_496.bmp 496 -49.6329 -41.804
L_500.bmp 500 -46.1158 -39.891
L_503.bmp 503 -39.8933 -38.243
L_507.bmp 507 -39.5958 -35.749
L_509.bmp 509 -38.1155 -34.46
L_512.bmp 512 -35.7931 -32.049
L_517.bmp 517 -34.1248 -29.601
L_519.bmp 519 -32.3876 -28.06
L_521.bmp 521 -34.6996 -26.232
L_524.bmp 524 -30.1882 -24.209
L_527.bmp 527 -29.9015 -22.131
L_531.bmp 531 -29.1244 -20.307
L_534.bmp 534 -28.6053 -17.584
L_537.bmp 537 -28.6435 -15.848
L_541.bmp 541 -19.387 -13.939
L_548.bmp 548 -18.4311 -11.975
L_554.bmp 554 -13.8925 -10.023
L_561.bmp 561 -6.81856 -8.0347
L_566.bmp 566 -5.2262 -5.9982
L_577.bmp 577 -3.90991 -4.3731
L_600.bmp 600 -3.14269 -1.7557
L_604.bmp 604 0.619272 0.037478
L_607.bmp 607 2.00348 1.9532
L_611.bmp 611 4.94899 3.9806
L_613.bmp 613 5.04743 6.14
L_615.bmp 615 10.2446 8.1585
L_617.bmp 617 13.601 9.8924
L_619.bmp 619 14.411 11.794
L_624.bmp 624 15.7363 14.138
L_627.bmp 627 16.606 16.077
L_630.bmp 630 18.2329 17.773
L_633.bmp 633 20.0823 19.897
L_635.bmp 635 23.0349 21.709
L_639.bmp 639 23.2844 23.894
L_642.bmp 642 25.5062 26.28
L_644.bmp 644 25.2011 27.799
L_647.bmp 647 27.3924 29.973
L_651.bmp 651 33.2651 32.056
L_654.bmp 654 35.8496 34.154
L_658.bmp 658 35.985 35.854
L_663.bmp 663 38.2342 37.971
L_667.bmp 667 40.644 39.672
L_670.bmp 670 44.8679 41.956
L_682.bmp 682 43.6264 43.92
L_703.bmp 703 43.4282 46.383
L_705.bmp 705 44.6747 47.736
L_708.bmp 708 46.0975 49.925
L_710.bmp 710 46.1067 51.777
L_715.bmp 715 46.441 54.037
L_720.bmp 720 47.1064 56.128
L_724.bmp 724 48.8811 57.98
L_730.bmp 730 47.9018 60.028
L_734.bmp 734 50.8978 62.172
L_738.bmp 738 51.0252 63.952
L_744.bmp 744 50.8012 65.988
L_750.bmp 750 53.4353 68.036
L_755.bmp 755 50.6236 69.845
L_759.bmp 759 53.0166 71.821
L_768.bmp 768 70.0717 73.903
L_772.bmp 772 76.2469 75.872
L_776.bmp 776 78.0974 78.312
L_778.bmp 778 75.907 80.24
L_783.bmp 783 81.2794 82.173
L_786.bmp 786 81.9189 83.93
L_789.bmp 789 83.0807 85.996
L_792.bmp 792 83.1254 87.775
L_252.bmp 252 -80.8562 -89.677
L_258.bmp 258 -76.6635 -83.865
L_260.bmp 260 -77.1641 -81.908
L_262.bmp 262 -60.6542 -77.985
L_264.bmp 264 -68.6934 -75.724
L_267.bmp 267 -65.6831 -73.773
L_270.bmp 270 -67.547 -72.169
L_272.bmp 272 -61.8831 -70.133
L_276.bmp 276 -62.6351 -66.076
L_278.bmp 278 -61.1144 -63.909
L_280.bmp 280 -57.5371 -61.795
L_281.bmp 281 -60.1999 -60.401
L_283.bmp 283 -55.7461 -57.748
L_284.bmp 284 -55.5781 -56.41
L_287.bmp 287 -50.7393 -52.203
L_289.bmp 289 -47.1 -49.793
L_292.bmp 292 -41.0392 -43.705
L_294.bmp 294 -40.078 -41.598
L_296.bmp 296 -37.2625 -39.587
L_298.bmp 298 -38.4692 -37.809
L_300.bmp 300 -35.8317 -35.733
L_303.bmp 303 -33.6223 -31.926
L_305.bmp 305 -31.5625 -29.535
L_306.bmp 306 -28.4852 -27.92
L_309.bmp 309 -22.5529 -23.686
L_311.bmp 311 -20.4485 -21.614
L_313.bmp 313 -16.856 -19.832
L_315.bmp 315 -17.2745 -18.011
L_318.bmp 318 -10.5627 -13.659
L_319.bmp 319 -8.03273 -12.377
L_322.bmp 322 -6.55112 -10.323
L_324.bmp 324 -4.18214 -7.959
L_326.bmp 326 -3.54041 -6.3251
L_329.bmp 329 -0.875404 -3.6353
L_331.bmp 331 0.582515 -2.1433
L_333.bmp 333 4.10323 0.23137
L_335.bmp 335 3.65935 2.148
L_337.bmp 337 9.19364 3.7285
L_340.bmp 340 11.3546 6.2613
L_343.bmp 343 12.9232 8.2738
L_345.bmp 345 13.8201 10.225
L_347.bmp 347 16.3168 13.875
L_350.bmp 350 17.8503 16.017
L_352.bmp 352 19.7956 17.946
L_354.bmp 354 19.2873 19.742
L_356.bmp 356 20.5914 21.569
L_359.bmp 359 22.6938 24.091
L_361.bmp 361 23.8061 25.715
L_363.bmp 363 30.3767 28.186
L_368.bmp 368 32.8764 31.924
L_370.bmp 370 36.0768 34.213
L_372.bmp 372 37.3063 35.843
L_375.bmp 375 38.0144 37.635
L_377.bmp 377 38.2163 41.507
L_380.bmp 380 39.8853 44.163
L_382.bmp 382 39.8754 45.795
L_385.bmp 385 44.6743 49.877
L_387.bmp 387 46.3163 51.926
L_389.bmp 389 46.6545 53.578
L_391.bmp 391 51.3016 56.063
L_393.bmp 393 59.8471 58.016
L_396.bmp 396 61.0292 61.896
L_398.bmp 398 67.6727 63.785
L_399.bmp 399 60.4355 65.889
L_401.bmp 401 65.6097 68.038
L_405.bmp 405 67.1293 72.051
L_407.bmp 407 66.7869 74.466
L_410.bmp 410 68.5073 75.94
L_413.bmp 413 72.9156 80.126
L_414.bmp 414 71.0237 81.662
L_416.bmp 416 75.7108 84.315
L_417.bmp 417 69.8921 86.344
L_419.bmp 419 75.335 89.911
L_152.bmp 152 -55.6524 -87.855
L_155.bmp 155 -66.4063 -79.639
L_156.bmp 156 -66.6711 -76.103
L_158.bmp 158 -64.7653 -70.459
L_159.bmp 159 -64.7374 -67.717
L_162.bmp 162 -62.2883 -59.587
L_164.bmp 164 -57.4427 -54.103
L_165.bmp 165 -55.1116 -51.793
L_167.bmp 167 -47.4526 -46.065
L_169.bmp 169 -43.5519 -40.3
L_170.bmp 170 -39.6091 -38.338
L_171.bmp 171 -32.7525 -35.894
L_172.bmp 172 -30.5166 -33.686
L_174.bmp 174 -18.6607 -29.794
L_175.bmp 175 -17.7719 -27.702
L_176.bmp 176 -12.8044 -25.742
L_185.bmp 185 -6.63711 -7.67
L_186.bmp 186 -3.68746 -6.06
L_187.bmp 187 -1.41428 -4.0682
L_188.bmp 188 0.842387 -1.6591
L_192.bmp 192 14.6035 7.8142
L_193.bmp 193 16.0804 10.059
L_194.bmp 194 16.9782 12.39
L_196.bmp 196 18.8244 16.085
L_197.bmp 197 19.7173 18.427
L_198.bmp 198 20.3271 20.342
L_201.bmp 201 28.2708 26.165
L_204.bmp 204 27.2172 28.048
L_207.bmp 207 37.2763 35.856
L_208.bmp 208 41.3063 38.135
L_209.bmp 209 41.3968 40.404
L_215.bmp 215 60.4553 55.7
L_216.bmp 216 61.6792 57.914
L_218.bmp 218 65.0041 63.891
L_219.bmp 219 65.7602 66.296
L_221.bmp 221 67.4023 70.076
L_222.bmp 222 66.5796 72.012
L_223.bmp 223 67.0701 73.995
L_225.bmp 225 71.3234 76.213
L_227.bmp 227 74.7298 78.189
L_228.bmp 228 71.7868 80.275
L_230.bmp 230 72.002 88.288
L_208.bmp 208 -78.8226 -89.563
L_209.bmp 209 -78.4513 -87.907
L_210.bmp 210 -73.0561 -86.329
L_211.bmp 211 -74.9146 -84.063
L_212.bmp 212 -72.6269 -81.715
L_216.bmp 216 -73.2804 -73.927
L_219.bmp 219 -66.7287 -70.205
L_223.bmp 223 -63.45 -63.54
L_224.bmp 224 -59.3643 -62.027
L_227.bmp 227 -59.6038 -58.207
L_229.bmp 229 -58.4881 -55.517
L_230.bmp 230 -56.9807 -54.067
L_234.bmp 234 -53.4327 -47.553
L_235.bmp 235 -48.8313 -45.905
L_236.bmp 236 -46.002 -44.39
L_237.bmp 237 -44.201 -42.458
L_239.bmp 239 -36.4667 -38.373
L_240.bmp 240 -35.9667 -36.175
L_241.bmp 241 -35.3699 -33.861
L_242.bmp 242 -33.2164 -31.956
L_245.bmp 245 -32.1861 -27.62
L_246.bmp 246 -32.1769 -25.888
L_247.bmp 247 -31.4403 -23.886
L_248.bmp 248 -30.1856 -22.057
L_249.bmp 249 -27.1779 -20.427
L_250.bmp 250 -22.6532 -18.224
L_252.bmp 252 -14.8101 -14.467
L_255.bmp 255 -6.41859 -9.7805
L_256.bmp 256 -5.41719 -8.2955
L_260.bmp 260 -4.08701 -6.1858
L_265.bmp 265 -1.07321 -2.412
L_267.bmp 267 -0.214668 -0.44353
L_272.bmp 272 1.09295 1.8578
L_292.bmp 292 3.11871 3.7842
L_294.bmp 294 4.07473 5.5141
L_299.bmp 299 16.3636 15.54
L_301.bmp 301 20.7051 19.617
L_302.bmp 302 22.0516 21.729
L_305.bmp 305 24.9706 26.278
L_306.bmp 306 25.3769 27.565
L_309.bmp 309 25.4466 30.053
L_311.bmp 311 30.7278 32.279
L_312.bmp 312 33.3693 33.657
L_315.bmp 315 36.8623 38.079
L_317.bmp 317 38.8924 39.91
L_321.bmp 321 38.9472 41.503
L_324.bmp 324 40.8853 44.444
L_325.bmp 325 41.0849 45.879
L_326.bmp 326 44.3054 48.08
L_330.bmp 330 59.7353 59.653
L_331.bmp 331 67.3894 62.234
L_335.bmp 335 73.3481 70.473
L_336.bmp 336 71.455 72.441
L_337.bmp 337 75.0879 74.262
L_338.bmp 338 74.4527 77.677
L_340.bmp 340 77.2917 79.895
L_342.bmp 342 78.7571 81.951
L_344.bmp 344 77.0285 84.185
L_346.bmp 346 50.2648 86.348
L_348.bmp 348 82.6771 88.306
L_350.bmp 350 4.20121 90.263
L_152.bmp 152 -71.7806 -88.007
L_153.bmp 153 -72.0637 -86.339
L_156.bmp 156 -69.2491 -82.149
L_158.bmp 158 -70.6963 -80.233
L_161.bmp 161 -66.7403 -77.603
L_162.bmp 162 -66.4292 -76.472
L_164.bmp 164 -64.2757 -73.664
L_165.bmp 165 -64.7612 -72.413
L_166.bmp 166 -62.8772 -70.305
L_169.bmp 169 -60.6459 -65.628
L_170.bmp 170 -59.1891 -64.449
L_173.bmp 173 -57.0301 -59.554
L_180.bmp 180 -46.4997 -45.703
L_182.bmp 182 -44.6111 -43.807
L_185.bmp 185 -41.6179 -42.239
L_187.bmp 187 -40.4682 -40.418
L_189.bmp 189 -40.3119 -38.494
L_192.bmp 192 -34.4797 -35.732
L_193.bmp 193 -31.567 -34.349
L_195.bmp 195 -25.1193 -31.678
L_196.bmp 196 -20.7934 -30.056
L_199.bmp 199 -19.7287 -25.552
L_200.bmp 200 -16.6568 -24.143
L_201.bmp 201 -12.8426 -22.449
L_205.bmp 205 -10.8296 -16.465
L_206.bmp 206 -8.79707 -14.316
L_209.bmp 209 -7.05299 -11.769
L_211.bmp 211 -3.84928 -9.9035
L_213.bmp 213 -3.27794 -8.1785
L_215.bmp 215 -2.19249 -6.163
L_218.bmp 218 1.02032 -1.6879
L_219.bmp 219 2.30153 -0.42248
L_221.bmp 221 3.53059 2.3957
L_222.bmp 222 4.34375 3.845
L_224.bmp 224 8.06441 6.415
L_225.bmp 225 8.3395 7.524
L_227.bmp 227 13.3397 10.456
L_228.bmp 228 13.767 11.918
L_232.bmp 232 18.2865 17.656
L_234.bmp 234 19.0475 20.001
L_236.bmp 236 19.17 22.142
L_238.bmp 238 19.6597 24.228
L_239.bmp 239 20.678 25.931
L_240.bmp 240 22.748 28.217
L_241.bmp 241 23.4176 29.696
L_244.bmp 244 28.024 33.833
L_248.bmp 248 39.4178 40.281
L_249.bmp 249 40.1391 41.894
L_253.bmp 253 44.8584 46.466
L_256.bmp 256 47.9138 47.601
L_261.bmp 261 54.8014 56.484
L_264.bmp 264 58.3999 63.931
L_268.bmp 268 62.3174 69.772
L_269.bmp 269 63.2411 71.766
L_272.bmp 272 66.455 74.193
L_273.bmp 273 66.4946 76.047
L_274.bmp 274 67.3573 77.707
L_276.bmp 276 69.6729 80.207
L_277.bmp 277 68.7659 81.898
L_278.bmp 278 69.5313 83.553
L_121.bmp 121 -74.5125 -87.854
L_124.bmp 124 -69.0204 -84.307
L_125.bmp 125 -66.5122 -81.92
L_126.bmp 126 -72.2384 -79.503
L_127.bmp 127 -71.0763 -77.56
L_129.bmp 129 -68.2312 -75.51
L_130.bmp 130 -65.1953 -74.224
L_135.bmp 135 -57.2364 -63.748
L_137.bmp 137 -58.0895 -62.4
L_142.bmp 142 -49.2418 -54.309
L_144.bmp 144 -54.8699 -52.185
L_146.bmp 146 -45.5179 -48.202
L_147.bmp 147 -44.818 -46.147
L_149.bmp 149 -44.5253 -42.455
L_151.bmp 151 -43.0934 -33.962
L_153.bmp 153 -31.2664 -19.871
L_154.bmp 154 -11.0814 -12.209
L_155.bmp 155 -10.6892 -5.2517
L_156.bmp 156 -5.36761 2.2026
L_157.bmp 157 0.221786 6.149
L_159.bmp 159 0.581063 6.8852
L_169.bmp 169 3.57039 9.0796
L_170.bmp 170 8.61761 11.611
L_171.bmp 171 10.2868 13.184
L_172.bmp 172 12.3586 15.218
L_173.bmp 173 17.8238 17.857
L_184.bmp 184 29.0591 29.672
L_186.bmp 186 33.2079 32.454
L_189.bmp 189 36.0893 33.682
L_193.bmp 193 39.0969 40.156
L_194.bmp 194 40.7898 42.315
L_199.bmp 199 42.5787 47.644
L_201.bmp 201 41.634 50.454
L_202.bmp 202 42.6463 51.807
L_204.bmp 204 43.3221 54.115
L_205.bmp 205 46.4466 55.77
L_207.bmp 207 47.8415 57.856
L_211.bmp 211 48.9708 59.869
L_213.bmp 213 63.5569 66.328
L_218.bmp 218 69.0418 73.775
L_221.bmp 221 76.7644 77.907
L_223.bmp 223 78.874 84.437
L_225.bmp 225 79.8399 85.587
L_229.bmp 229 79.7074 88.185
L_230.bmp 230 77.752 90.132
L_134.bmp 134 60.2628 89.592
L_136.bmp 136 80.1127 84.068
L_141.bmp 141 74.468 71.836
L_145.bmp 145 68.8211 64.118
L_147.bmp 147 69.1567 62.147
L_149.bmp 149 68.0061 60.187
L_151.bmp 151 61.4835 56.159
L_152.bmp 152 55.7872 54.041
L_157.bmp 157 41.6074 44.246
L_158.bmp 158 39.9139 42.187
L_159.bmp 159 38.8595 40.418
L_162.bmp 162 36.2723 35.563
L_165.bmp 165 24.9393 28.474
L_166.bmp 166 24.0478 26.302
L_167.bmp 167 22.3455 23.954
L_168.bmp 168 20.4218 21.72
L_169.bmp 169 18.8417 19.82
L_170.bmp 170 17.5105 18.15
L_171.bmp 171 15.3888 16.476
L_174.bmp 174 10.097 12.027
L_176.bmp 176 7.84993 9.6871
L_178.bmp 178 2.79946 7.5084
L_179.bmp 179 3.72888 6.3738
L_181.bmp 181 -2.483 3.763
L_182.bmp 182 -4.05907 2.0603
L_183.bmp 183 -2.55807 0.38347
L_184.bmp 184 -5.37069 -1.6699
L_186.bmp 186 -7.56131 -4.4595
L_190.bmp 190 -9.14991 -6.2739
L_191.bmp 191 -8.5547 -7.8624
L_192.bmp 192 -14.6739 -10.359
L_194.bmp 194 -18.3062 -14.439
L_195.bmp 195 -21.7038 -15.888
L_199.bmp 199 -31.0069 -21.944
L_202.bmp 202 -31.6593 -26.249
L_209.bmp 209 -41.9341 -39.701
L_212.bmp 212 -58.7486 -50.164
L_213.bmp 213 -58.1457 -51.997
L_219.bmp 219 -61.9929 -58.038
L_225.bmp 225 -53.5665 -64.455
L_138.bmp 138 -81.844 -90.064
L_140.bmp 140 -82.4644 -88.046
L_141.bmp 141 -83.2507 -85.913
L_142.bmp 142 -83.2949 -83.639
L_143.bmp 143 -83.6591 -81.62
L_148.bmp 148 -79.7344 -70.456
L_149.bmp 149 -75.7344 -67.811
L_150.bmp 150 -75.1572 -65.873
L_151.bmp 151 -72.8807 -64.301
L_152.bmp 152 -72.2491 -62.586
L_154.bmp 154 -71.6225 -59.235
L_155.bmp 155 -70.1081 -57.155
L_156.bmp 156 -64.9227 -54.946
L_157.bmp 157 -65.6551 -53.156
L_158.bmp 158 -61.8416 -51.325
L_159.bmp 159 -61.0451 -49.314
L_160.bmp 160 -60.0392 -45.872
L_161.bmp 161 -58.3372 -43.653
L_164.bmp 164 -37.5581 -30.038
L_174.bmp 174 -10.0262 -8.4972
L_175.bmp 175 -10.4752 -5.571
L_176.bmp 176 -4.05304 -2.4803
L_178.bmp 178 -6.61725 0.053877
L_181.bmp 181 1.03739 2.4261
L_182.bmp 182 -0.477975 3.7544
L_186.bmp 186 3.21892 5.6267
L_188.bmp 188 10.3938 9.7116
L_189.bmp 189 11.7809 11.54
L_190.bmp 190 11.1178 13.673
L_191.bmp 191 17.8901 20.495
L_192.bmp 192 17.8798 22.093
L_196.bmp 196 22.162 28.336
L_197.bmp 197 27.6901 30.811
L_198.bmp 198 29.658 32.797
L_199.bmp 199 35.5131 34.542
L_200.bmp 200 37.2861 36.73
L_202.bmp 202 38.509 40.846
L_203.bmp 203 40.4553 42.307
L_204.bmp 204 41.3921 44.129
L_207.bmp 207 47.3986 51.591
L_208.bmp 208 48.2941 53.905
L_211.bmp 211 46.2986 55.988
L_215.bmp 215 58.2814 57.507
L_218.bmp 218 66.285 64.001
L_219.bmp 219 76.9369 69.505
L_221.bmp 221 77.4101 73.535
L_222.bmp 222 81.4832 75.532
L_223.bmp 223 82.0466 77.745
L_224.bmp 224 78.996 79.627
L_226.bmp 226 81.5283 83.604
L_227.bmp 227 45.5361 86.478
L_176.bmp 176 81.3591 83.546
L_179.bmp 179 77.0327 80.186
L_181.bmp 181 72.4729 78.201
L_184.bmp 184 73.5784 74.364
L_186.bmp 186 66.059 72.374
L_190.bmp 190 65.7729 66.247
L_192.bmp 192 57.2538 64.123
L_194.bmp 194 53.7737 62.389
L_197.bmp 197 54.0949 59.761
L_199.bmp 199 54.1918 58.003
L_201.bmp 201 50.3944 55.652
L_204.bmp 204 47.9152 52.189
L_207.bmp 207 45.3527 48.171
L_210.bmp 210 42.2863 43.839
L_211.bmp 211 42.3942 42.201
L_214.bmp 214 39.0742 38.075
L_215.bmp 215 38.4137 36.467
L_217.bmp 217 37.66 33.559
L_218.bmp 218 29.8213 32.458
L_221.bmp 221 29.7431 30.189
L_223.bmp 223 25.7004 28.312
L_225.bmp 225 24.3411 26.349
L_227.bmp 227 23.0332 24.259
L_229.bmp 229 20.9849 21.648
L_230.bmp 230 18.5729 19.945
L_231.bmp 231 20.1308 18.424
L_234.bmp 234 15.4561 13.684
L_236.bmp 236 13.2637 11.524
L_237.bmp 237 11.711 10.291
L_239.bmp 239 10.4862 8.2938
L_243.bmp 243 6.44447 6.0333
L_248.bmp 248 1.30407 3.8192
L_254.bmp 254 0.457261 2.053
L_261.bmp 261 -2.06696 0.12385
L_265.bmp 265 -5.12298 -2.1999
L_267.bmp 267 -6.34397 -4.4588
L_268.bmp 268 -8.97479 -5.9296
L_271.bmp 271 -11.7918 -9.9797
L_272.bmp 272 -14.2554 -11.746
L_276.bmp 276 -27.9199 -17.933
L_278.bmp 278 -21.8545 -19.537
L_280.bmp 280 -29.7417 -21.896
L_283.bmp 283 -31.9085 -26.034
L_285.bmp 285 -32.4891 -28.022
L_287.bmp 287 -34.3506 -30.175
L_289.bmp 289 -35.2861 -31.608
L_291.bmp 291 -36.6908 -33.832
L_294.bmp 294 -38.4087 -36.152
L_296.bmp 296 -42.5385 -38.073
L_301.bmp 301 -51.4784 -45.92
L_302.bmp 302 -53.0774 -48.318
L_303.bmp 303 -57.3482 -49.927
L_304.bmp 304 -59.1341 -52.103
L_305.bmp 305 -60.5509 -54.063
L_306.bmp 306 -51.4036 -56.062
L_307.bmp 307 -61.4881 -57.776
L_310.bmp 310 -68.3596 -62.203
L_311.bmp 311 -67.5135 -63.741
L_313.bmp 313 -68.7176 -66.278
L_314.bmp 314 -66.4394 -67.589
L_317.bmp 317 -70.316 -72.045
L_319.bmp 319 -75.2912 -74.448
L_154.bmp 154 76.3519 89.957
L_158.bmp 158 71.7457 87.874
L_160.bmp 160 73.3473 86.068
L_164.bmp 164 72.1012 83.906
L_168.bmp 168 74.2294 82.055
L_172.bmp 172 73.8059 80.179
L_175.bmp 175 77.0233 77.895
L_177.bmp 177 73.7969 76.319
L_181.bmp 181 76.3583 73.993
L_185.bmp 185 70.9676 72.108
L_188.bmp 188 76.1468 70.091
L_193.bmp 193 69.7017 68.008
L_197.bmp 197 70.6474 66.248
L_203.bmp 203 67.3763 62.089
L_205.bmp 205 64.4896 60.368
L_209.bmp 209 61.3261 58.058
L_215.bmp 215 45.873 51.948
L_218.bmp 218 42.1563 50.007
L_220.bmp 220 46.4437 48.361
L_223.bmp 223 42.8321 45.802
L_225.bmp 225 42.8985 43.985
L_228.bmp 228 40.7818 39.808
L_229.bmp 229 40.3089 38.375
L_234.bmp 234 38.5264 35.656
L_236.bmp 236 38.0091 34.054
L_242.bmp 242 34.6328 29.943
L_243.bmp 243 30.8486 28.406
L_245.bmp 245 29.2061 26.42
L_248.bmp 248 22.2322 23.611
L_249.bmp 249 24.9395 22.242
L_254.bmp 254 13.2752 13.571
L_256.bmp 256 8.81123 10.096
L_259.bmp 259 5.44897 6.1346
L_263.bmp 263 1.35462 4.1613
L_266.bmp 266 -0.750031 1.8485
L_267.bmp 267 -0.377201 0.41745
L_269.bmp 269 -4.06617 -2.2705
L_272.bmp 272 -7.15415 -4.1551
L_276.bmp 276 -11.2554 -7.9964
L_278.bmp 278 -11.7028 -10.088
L_280.bmp 280 -12.8555 -12.419
L_282.bmp 282 -13.8821 -14.05
L_286.bmp 286 -16.7936 -16.405
L_288.bmp 288 -26.8558 -18.338
L_291.bmp 291 -30.5551 -19.98
L_293.bmp 293 -31.3629 -22.294
L_294.bmp 294 -31.5471 -23.719
L_296.bmp 296 -32.5182 -25.674
L_299.bmp 299 -33.3805 -27.949
L_301.bmp 301 -33.8719 -29.743
L_303.bmp 303 -36.4594 -32.161
L_305.bmp 305 -36.2164 -34.071
L_308.bmp 308 -38.1753 -36.286
L_315.bmp 315 -40.9421 -38.407
L_316.bmp 316 -42.7121 -39.99
L_319.bmp 319 -46.6902 -43.886
L_322.bmp 322 -56.4604 -48.358
L_324.bmp 324 -58.5637 -50.041
L_326.bmp 326 -61.1119 -52.433
L_328.bmp 328 -60.9086 -54.049
L_334.bmp 334 -60.5085 -56.028
L_336.bmp 336 -63.3391 -58.154
L_338.bmp 338 -64.6563 -60.337
L_340.bmp 340 -65.4076 -61.849
L_343.bmp 343 -67.4734 -66.015
L_344.bmp 344 -66.4199 -67.558
L_346.bmp 346 -71.7018 -70.457
L_347.bmp 347 -71.4501 -71.781
L_349.bmp 349 -72.1997 -73.889
L_352.bmp 352 -73.8766 -76.265
L_353.bmp 353 -74.5892 -77.894
L_356.bmp 356 -76.2946 -81.802
L_204.bmp 204 81.6799 77.902
L_207.bmp 207 80.1862 76.013
L_209.bmp 209 80.0079 74.208
L_212.bmp 212 77.5351 72.145
L_215.bmp 215 75.1075 69.938
L_218.bmp 218 74.1836 67.856
L_222.bmp 222 72.7262 65.857
L_227.bmp 227 70.4763 63.909
L_234.bmp 234 67.6378 59.935
L_239.bmp 239 65.1454 57.862
L_244.bmp 244 64.722 56.396
L_246.bmp 246 60.5592 54.368
L_249.bmp 249 60.1529 52.206
L_259.bmp 259 60.297 49.949
L_262.bmp 262 51.0728 47.707
L_266.bmp 266 49.3927 46.02
L_278.bmp 278 48.3951 43.589
L_280.bmp 280 45.551 42.023
L_284.bmp 284 41.3358 39.673
L_290.bmp 290 38.0861 37.878
L_295.bmp 295 36.9254 35.92
L_298.bmp 298 27.2335 34.126
L_304.bmp 304 24.144 32.117
L_306.bmp 306 21.9748 30.002
L_308.bmp 308 24.1978 28.182
L_314.bmp 314 21.4968 26.081
L_317.bmp 317 18.6666 23.713
L_319.bmp 319 19.0398 21.923
L_326.bmp 326 17.1607 19.873
L_332.bmp 332 15.7712 17.908
L_334.bmp 334 15.6154 16.143
L_337.bmp 337 8.78014 13.811
L_341.bmp 341 10.3953 11.927
L_348.bmp 348 5.48029 10.007
L_352.bmp 352 7.15016 7.9958
L_355.bmp 355 5.42547 6.0055
L_368.bmp 368 2.99166 4.0012
L_374.bmp 374 1.37404 1.8828
L_379.bmp 379 0.740101 -0.037092
L_396.bmp 396 -0.383709 -1.9859
L_398.bmp 398 -0.985404 -4.0163
L_401.bmp 401 -5.10795 -6.0177
L_405.bmp 405 -5.13577 -7.968
L_407.bmp 407 -5.68138 -9.9005
L_409.bmp 409 -16.3411 -12.007
L_414.bmp 414 -11.9352 -13.806
L_417.bmp 417 -15.8236 -16.046
L_419.bmp 419 -21.5092 -17.856
L_427.bmp 427 -24.4359 -20.162
L_431.bmp 431 -26.5192 -24.004
L_438.bmp 438 -29.4281 -25.823
L_442.bmp 442 -32.454 -27.936
L_449.bmp 449 -32.5389 -32.195
L_453.bmp 453 -33.8301 -34.001
L_458.bmp 458 -35.0532 -35.949
L_465.bmp 465 -39.0488 -38.35
L_467.bmp 467 -44.3819 -39.922
L_473.bmp 473 -44.8986 -42.018
L_475.bmp 475 -49.038 -44.26
L_476.bmp 476 -52.9014 -45.651
L_478.bmp 478 -53.1852 -47.942
L_481.bmp 481 -55.5233 -50.196
L_484.bmp 484 -56.5247 -52.273
L_487.bmp 487 -54.7489 -53.91
L_490.bmp 490 -52.8192 -56.106
L_492.bmp 492 -55.7171 -58.216
L_493.bmp 493 -58.8439 -59.612
L_496.bmp 496 -66.5002 -64.08
L_502.bmp 502 -68.3064 -65.85
L_504.bmp 504 -71.272 -67.502
L_506.bmp 506 -73.5961 -69.628
L_510.bmp 510 -72.4439 -72.093
L_182.bmp 182 62.9766 88.081
L_184.bmp 184 79.897 86.089
L_187.bmp 187 76.6283 81.874
L_188.bmp 188 48.6232 80.366
L_192.bmp 192 65.1943 71.724
L_193.bmp 193 70.322 69.67
L_194.bmp 194 69.2879 67.605
L_195.bmp 195 62.1936 65.603
L_196.bmp 196 60.051 63.676
L_197.bmp 197 52.8739 61.9
L_198.bmp 198 40.2386 60.409
L_199.bmp 199 43.3472 58.364
L_200.bmp 200 55.2551 55.682
L_204.bmp 204 44.1211 47.553
L_205.bmp 205 41.4501 45.549
L_206.bmp 206 40.9888 43.559
L_207.bmp 207 37.4473 42.012
L_210.bmp 210 39.6038 37.913
L_212.bmp 212 39.9668 35.921
L_214.bmp 214 38.9776 33.951
L_217.bmp 217 38.6482 31.993
L_219.bmp 219 38.7557 29.955
L_220.bmp 220 38.1227 28.226
L_221.bmp 221 36.6166 26.484
L_223.bmp 223 32.7595 22.102
L_224.bmp 224 32.1789 19.692
L_225.bmp 225 23.0484 18.11
L_232.bmp 232 12.4027 4.3697
L_241.bmp 241 5.91203 -0.054789
L_246.bmp 246 0.711567 -1.7356
L_249.bmp 249 -8.15904 -6.3016
L_250.bmp 250 -9.0323 -7.5908
L_254.bmp 254 -11.9953 -11.955
L_257.bmp 257 -25.4124 -15.615
L_262.bmp 262 -23.8577 -22.435
L_263.bmp 263 -34.5369 -23.546
L_265.bmp 265 -34.1196 -26.171
L_266.bmp 266 -34.6298 -27.76
L_268.bmp 268 -34.9789 -30.105
L_270.bmp 270 -37.2641 -32.177
L_273.bmp 273 -42.7603 -35.514
L_276.bmp 276 -44.0162 -40.195
L_278.bmp 278 -44.1497 -42.014
L_280.bmp 280 -44.5223 -43.951
L_282.bmp 282 -44.9735 -45.796
L_285.bmp 285 -46.6724 -49.585
L_287.bmp 287 -48.0915 -52.008
L_292.bmp 292 -58.6767 -60.301
L_294.bmp 294 -62.5293 -62.441
L_296.bmp 296 -60.335 -63.971
L_302.bmp 302 -63.7447 -66.397
L_304.bmp 304 -65.2958 -67.829
L_306.bmp 306 -68.0285 -70.107
L_311.bmp 311 -73.9853 -78.329
L_312.bmp 312 -73.3829 -80.084
L_313.bmp 313 -75.1985 -81.732
L_314.bmp 314 -75.7373 -83.705
L_315.bmp 315 -78.0196 -85.593
L_424.bmp 424 80.2905 86.047
L_426.bmp 426 79.5659 84.004
L_428.bmp 428 64.5719 81.723
L_430.bmp 430 75.6601 79.94
L_433.bmp 433 76.0263 78.12
L_436.bmp 436 69.6064 76.033
L_438.bmp 438 72.2742 74.415
L_441.bmp 441 67.0682 71.923
L_448.bmp 448 71.1607 69.846
L_452.bmp 452 68.081 67.977
L_455.bmp 455 67.9154 66.055
L_460.bmp 460 65.6417 63.96
L_464.bmp 464 59.4126 62.313
L_466.bmp 466 56.4142 60.482
L_470.bmp 470 53.5857 58.034
L_478.bmp 478 49.4684 56.149
L_484.bmp 484 46.9218 53.831
L_488.bmp 488 43.514 52.248
L_493.bmp 493 41.3185 50.049
L_499.bmp 499 40.6698 48.022
L_504.bmp 504 39.2238 45.778
L_509.bmp 509 37.347 44.068
L_515.bmp 515 37.329 42.089
L_521.bmp 521 34.2916 40.112
L_528.bmp 528 36.7379 38.05
L_535.bmp 535 28.4009 35.925
L_539.bmp 539 26.9508 33.989
L_542.bmp 542 31.9903 32.204
L_546.bmp 546 28.1847 30.076
L_549.bmp 549 23.6923 28.055
L_554.bmp 554 21.2219 25.809
L_559.bmp 559 20.6108 23.807
L_561.bmp 561 18.7531 21.606
L_563.bmp 563 17.7952 20.042
L_567.bmp 567 16.6513 18.429
L_570.bmp 570 13.408 15.897
L_575.bmp 575 8.98921 13.809
L_577.bmp 577 7.11848 11.644
L_582.bmp 582 5.17704 9.8405
L_587.bmp 587 3.57203 8.0107
L_603.bmp 603 4.26936 6.1686
L_606.bmp 606 1.2823 4.2494
L_608.bmp 608 -1.86164 1.7051
L_611.bmp 611 -2.41335 -0.19219
L_614.bmp 614 -0.936396 -1.697
L_616.bmp 616 -3.43764 -3.9271
L_619.bmp 619 -4.06321 -6.0304
L_623.bmp 623 -4.68179 -8.2108
L_626.bmp 626 -5.77312 -9.8454
L_632.bmp 632 -6.89125 -12.007
L_635.bmp 635 -11.6106 -13.826
L_637.bmp 637 -11.0407 -15.758
L_641.bmp 641 -20.4423 -18.175
L_643.bmp 643 -22.6557 -20.005
L_649.bmp 649 -19.9215 -22.129
L_652.bmp 652 -28.3473 -24.329
L_655.bmp 655 -27.6973 -25.821
L_661.bmp 661 -29.367 -28.221
L_667.bmp 667 -31.3151 -29.981
L_672.bmp 672 -34.2326 -31.97
L_675.bmp 675 -36.2034 -33.81
L_680.bmp 680 -37.2743 -35.944
L_684.bmp 684 -36.009 -38.039
L_686.bmp 686 -38.114 -39.966
L_689.bmp 689 -39.5108 -43.949
L_691.bmp 691 -40.731 -45.733
L_693.bmp 693 -45.8149 -47.85
L_695.bmp 695 -46.2382 -50.483
L_696.bmp 696 -47.1168 -52.009
L_699.bmp 699 -49.5666 -54.209
L_702.bmp 702 -51.6036 -56.454
L_703.bmp 703 -50.8731 -57.541
L_705.bmp 705 -53.5653 -60.348
L_706.bmp 706 -60.9307 -61.828
L_708.bmp 708 -62.3272 -64.399
L_710.bmp 710 -62.4768 -66.275
L_712.bmp 712 -64.6245 -68.352
L_714.bmp 714 -68.7208 -70.118
L_716.bmp 716 -77.3583 -72.14
L_718.bmp 718 -76.5965 -74.285
L_720.bmp 720 -72.5733 -76.345
L_724.bmp 724 -75.2928 -77.956
L_725.bmp 725 -80.6567 -80.295
L_730.bmp 730 -80.9011 -83.914
L_734.bmp 734 -80.6134 -85.976
L_736.bmp 736 -81.389 -88.347
L_137.bmp 137 -79.9293 -81.783
L_141.bmp 141 -76.0282 -74.222
L_142.bmp 142 -74.2543 -72.003
L_143.bmp 143 -74.1501 -70.174
L_147.bmp 147 -66.9523 -65.747
L_154.bmp 154 -64.045 -63.95
L_159.bmp 159 -68.7529 -59.96
L_163.bmp 163 -60.3287 -57.994
L_167.bmp 167 -52.8995 -55.982
L_171.bmp 171 -51.6947 -53.775
L_174.bmp 174 -53.831 -51.919
L_177.bmp 177 -50.0658 -49.793
L_180.bmp 180 -47.919 -47.664
L_181.bmp 181 -26.6762 -45.843
L_186.bmp 186 -45.7703 -43.905
L_195.bmp 195 -42.768 -42.04
L_198.bmp 198 -43.5864 -40.257
L_201.bmp 201 -39.0015 -35.569
L_203.bmp 203 -36.4604 -33.995
L_209.bmp 209 -34.9133 -32.158
L_213.bmp 213 -30.7757 -29.816
L_215.bmp 215 -31.3327 -27.701
L_218.bmp 218 -27.2619 -25.712
L_219.bmp 219 -27.2353 -24.457
L_223.bmp 223 -22.4868 -21.847
L_226.bmp 226 -17.4844 -19.743
L_230.bmp 230 -12.1196 -17.757
L_232.bmp 232 -11.2126 -15.562
L_235.bmp 235 -10.3655 -13.944
L_241.bmp 241 -9.04918 -11.936
L_244.bmp 244 -7.90349 -9.7627
L_247.bmp 247 -6.19382 -7.8605
L_250.bmp 250 -3.2188 -6.2903
L_253.bmp 253 -1.80692 -3.8275
L_256.bmp 256 0.433004 -2.0647
L_286.bmp 286 3.38532 0.015845
L_289.bmp 289 6.44388 1.9181
L_377.bmp 377 7.5206 3.7394
L_383.bmp 383 12.0713 5.8416
L_387.bmp 387 13.4818 7.8929
L_393.bmp 393 17.2267 12.036
L_400.bmp 400 18.204 13.867
L_404.bmp 404 20.3149 15.803
L_409.bmp 409 18.1692 17.778
L_415.bmp 415 19.9366 20.089
L_422.bmp 422 24.4979 22.084
L_426.bmp 426 27.5943 23.939
L_432.bmp 432 26.7181 26.134
L_437.bmp 437 41.8723 28.049
L_440.bmp 440 42.9612 30.074
L_451.bmp 451 41.1229 32.264
L_453.bmp 453 38.9605 33.822
L_457.bmp 457 40.4905 36.111
L_466.bmp 466 41.9425 38.41
L_468.bmp 468 42.9374 39.762
L_471.bmp 471 43.0334 42.41
L_475.bmp 475 45.6947 44.236
L_481.bmp 481 44.126 46.089
L_486.bmp 486 48.0915 47.885
L_493.bmp 493 50.4998 52.048
L_497.bmp 497 54.9515 53.723
L_501.bmp 501 57.4347 56.101
L_503.bmp 503 58.9348 57.51
L_505.bmp 505 59.3307 59.784
L_512.bmp 512 59.0021 61.885
L_516.bmp 516 60.5727 64.088
L_523.bmp 523 67.5536 65.972
L_526.bmp 526 64.4347 67.869
L_529.bmp 529 70.3282 69.815
L_533.bmp 533 66.8579 71.691
L_535.bmp 535 67.1396 74.027
L_544.bmp 544 73.625 75.963
L_553.bmp 553 70.0468 78.076
L_555.bmp 555 70.7699 79.643
L_564.bmp 564 73.3577 81.591
L_566.bmp 566 65.9857 84.029
L_220.bmp 220 -80.4893 -82.216
L_222.bmp 222 -79.8135 -80.278
L_226.bmp 226 -80.7624 -77.846
L_228.bmp 228 -78.3112 -76.25
L_232.bmp 232 -75.3269 -73.954
L_234.bmp 234 -74.6701 -72.036
L_236.bmp 236 -72.2445 -70.29
L_239.bmp 239 -70.1098 -68.239
L_243.bmp 243 -65.1565 -65.59
L_245.bmp 245 -63.9132 -63.768
L_249.bmp 249 -62.434 -61.818
L_252.bmp 252 -58.854 -60.142
L_253.bmp 253 -54.5383 -58.441
L_256.bmp 256 -52.7286 -55.967
L_259.bmp 259 -50.2062 -53.78
L_262.bmp 262 -46.2549 -52.19
L_267.bmp 267 -49.1819 -49.834
L_270.bmp 270 -45.749 -47.729
L_273.bmp 273 -42.6502 -45.742
L_276.bmp 276 -38.5645 -43.651
L_279.bmp 279 -35.4822 -41.945
L_283.bmp 283 -35.3613 -40.025
L_287.bmp 287 -34.085 -37.787
L_290.bmp 290 -33.6407 -36.284
L_294.bmp 294 -33.4928 -34.298
L_299.bmp 299 -31.2996 -31.993
L_303.bmp 303 -30.8158 -30.186
L_310.bmp 310 -27.7667 -27.787
L_313.bmp 313 -25.2766 -26.24
L_319.bmp 319 -16.5861 -23.83
L_323.bmp 323 -15.7121 -21.893
L_329.bmp 329 -14.6963 -19.844
L_333.bmp 333 -14.2518 -17.932
L_338.bmp 338 -11.6495 -15.851
L_341.bmp 341 -10.7728 -14.048
L_344.bmp 344 -4.61201 -12.12
L_350.bmp 350 -7.99896 -10.12
L_355.bmp 355 -5.20038 -7.8251
L_359.bmp 359 -0.608198 -6.059
L_363.bmp 363 1.18616 -3.669
L_366.bmp 366 1.13811 -1.983
L_370.bmp 370 3.19519 0.0086141
L_374.bmp 374 4.75543 1.9153
L_377.bmp 377 5.83177 3.8488
L_380.bmp 380 7.30198 5.8218
L_383.bmp 383 9.40622 7.8815
L_386.bmp 386 10.7396 9.9049
L_388.bmp 388 12.8837 12.061
L_391.bmp 391 14.048 13.907
L_395.bmp 395 17.328 16.244
L_397.bmp 397 16.9582 18.104
L_399.bmp 399 18.827 19.806
L_403.bmp 403 19.3727 21.932
L_407.bmp 407 20.3889 24.241
L_409.bmp 409 23.4488 25.907
L_412.bmp 412 24.4757 28.271
L_414.bmp 414 25.6192 29.816
L_417.bmp 417 26.4683 31.852
L_422.bmp 422 31.6423 33.899
L_425.bmp 425 36.2584 35.752
L_427.bmp 427 37.1828 37.523
L_430.bmp 430 37.6142 40.315
L_432.bmp 432 41.4553 42.194
L_435.bmp 435 40.4978 44.14
L_438.bmp 438 43.2255 46.237
L_441.bmp 441 42.5854 48.054
L_444.bmp 444 44.3587 50.285
L_447.bmp 447 45.5664 52.244
L_450.bmp 450 49.873 53.815
L_453.bmp 453 49.7587 55.923
L_456.bmp 456 53.5579 58.133
L_459.bmp 459 51.8877 59.597
L_461.bmp 461 58.0168 62.293
L_465.bmp 465 61.8832 63.914
L_471.bmp 471 64.5391 65.837
L_473.bmp 473 68.0329 68.384
L_475.bmp 475 70.9055 70.346
L_478.bmp 478 67.085 72.406
L_481.bmp 481 67.7226 74.18
L_484.bmp 484 69.8197 76.201
L_487.bmp 487 71.8236 78.159
L_490.bmp 490 74.7327 79.958
L_493.bmp 493 73.7181 81.696
L_496.bmp 496 75.8473 84.1
L_498.bmp 498 76.7912 85.838
L_227.bmp 227 -81.2609 -89.869
L_228.bmp 228 -80.7055 -88.443
L_232.bmp 232 -79.3266 -85.954
L_234.bmp 234 -79.945 -84.221
L_236.bmp 236 -78.5848 -82.055
L_244.bmp 244 -77.323 -79.951
L_250.bmp 250 -74.9721 -77.753
L_256.bmp 256 -74.299 -76.043
L_262.bmp 262 -72.1014 -73.952
L_266.bmp 266 -70.5877 -71.952
L_270.bmp 270 -70.3822 -69.895
L_273.bmp 273 -66.6885 -67.969
L_278.bmp 278 -64.8965 -65.799
L_281.bmp 281 -62.7711 -63.651
L_286.bmp 286 -63.2763 -61.806
L_290.bmp 290 -60.6492 -59.874
L_292.bmp 292 -58.3822 -58.351
L_296.bmp 296 -54.6517 -56.098
L_300.bmp 300 -55.2833 -53.595
L_303.bmp 303 -50.8841 -52.266
L_307.bmp 307 -46.224 -49.945
L_310.bmp 310 -43.3089 -48.259
L_313.bmp 313 -42.7783 -46.368
L_315.bmp 315 -41.5167 -44.319
L_321.bmp 321 -41.5649 -42.064
L_324.bmp 324 -39.253 -40.11
L_327.bmp 327 -37.979 -38.157
L_329.bmp 329 -34.2874 -36.126
L_332.bmp 332 -32.8346 -33.864
L_334.bmp 334 -32.5588 -31.919
L_337.bmp 337 -33.0671 -28.164
L_339.bmp 339 -32.0898 -26.255
L_342.bmp 342 -31.1057 -23.644
L_344.bmp 344 -30.9635 -22.037
L_349.bmp 349 -20.8147 -17.626
L_351.bmp 351 -16.8214 -15.606
L_354.bmp 354 -18.5822 -13.694
L_356.bmp 356 -13.2981 -12.064
L_358.bmp 358 -12.7008 -10.138
L_361.bmp 361 -10.6986 -7.8264
L_363.bmp 363 -9.8274 -6.3473
L_365.bmp 365 -7.29648 -4.4646
L_370.bmp 370 -6.08554 -1.8858
L_385.bmp 385 2.30991 0.49223
L_389.bmp 389 5.47471 4.3307
L_391.bmp 391 9.35436 5.7402
L_394.bmp 394 10.9955 8.3799
L_397.bmp 397 12.6738 9.8926
L_401.bmp 401 14.8477 12.093
L_405.bmp 405 17.7744 14.083
L_410.bmp 410 18.8519 16.196
L_413.bmp 413 19.6571 17.888
L_418.bmp 418 22.6607 19.824
L_422.bmp 422 28.2572 21.835
L_426.bmp 426 24.2482 24.161
L_429.bmp 429 32.2637 25.768
L_434.bmp 434 29.3851 28.196
L_438.bmp 438 36.131 30.133
L_445.bmp 445 35.9235 31.812
L_447.bmp 447 38.2672 34.283
L_449.bmp 449 38.2713 36.357
L_453.bmp 453 39.873 38.274
L_456.bmp 456 41.2295 40.094
L_458.bmp 458 41.4447 41.788
L_460.bmp 460 41.7211 43.503
L_464.bmp 464 42.5774 46.159
L_466.bmp 466 41.5907 47.798
L_469.bmp 469 42.9469 50.297
L_471.bmp 471 43.274 52.079
L_473.bmp 473 54.2683 54.315
L_474.bmp 474 49.6555 55.517
L_476.bmp 476 52.0693 57.709
L_478.bmp 478 53.4487 59.724
L_480.bmp 480 56.7603 61.787
L_483.bmp 483 69.538 64.391
L_485.bmp 485 68.3989 66.265
L_488.bmp 488 67.5869 69.847
L_490.bmp 490 71.9129 72.205
L_493.bmp 493 74.6697 75.905
L_496.bmp 496 80.9247 79.643
L_498.bmp 498 75.9375 81.624
L_501.bmp 501 64.9997 84.421
L_503.bmp 503 77.0546 86.406
L_504.bmp 504 83.1109 87.671
L_263.bmp 263 -82.7788 -88.13
L_265.bmp 265 -82.2756 -85.677
L_267.bmp 267 -83.0986 -83.737
L_269.bmp 269 -76.8879 -81.848
L_275.bmp 275 -71.0884 -75.643
L_278.bmp 278 -68.9048 -71.859
L_280.bmp 280 -67.9636 -69.526
L_282.bmp 282 -68.9319 -67.671
L_284.bmp 284 -65.9323 -66.191
L_286.bmp 286 -64.822 -63.785
L_288.bmp 288 -64.5552 -62.196
L_290.bmp 290 -63.6191 -59.95
L_292.bmp 292 -60.5798 -57.666
L_294.bmp 294 -60.1427 -55.802
L_297.bmp 297 -57.4812 -53.694
L_303.bmp 303 -52.8905 -47.789
L_306.bmp 306 -55.8567 -45.86
L_309.bmp 309 -48.7975 -43.594
L_310.bmp 310 -50.5481 -42.119
L_313.bmp 313 -45.1842 -38.194
L_315.bmp 315 -42.0284 -36.296
L_317.bmp 317 -37.1518 -34.206
L_319.bmp 319 -36.0769 -31.911
L_321.bmp 321 -35.4395 -30.159
L_323.bmp 323 -32.6859 -28.467
L_326.bmp 326 -30.1158 -23.933
L_330.bmp 330 -28.8501 -21.952
L_333.bmp 333 -20.5847 -17.604
L_344.bmp 344 -20.2373 -15.979
L_346.bmp 346 -18.7057 -13.972
L_355.bmp 355 -14.2484 -12.015
L_362.bmp 362 -13.0873 -9.9269
L_367.bmp 367 -9.55114 -8.2997
L_370.bmp 370 -8.85252 -6.1363
L_373.bmp 373 -8.34411 -4.0865
L_378.bmp 378 -2.551 -1.875
L_383.bmp 383 -1.38738 0.10344
L_389.bmp 389 -2.7979 2.0618
L_393.bmp 393 1.97736 3.9074
L_397.bmp 397 5.09186 6.004
L_404.bmp 404 10.1486 7.9929
L_411.bmp 411 11.4862 9.9538
L_417.bmp 417 15.2332 11.978
L_424.bmp 424 18.2255 13.997
L_429.bmp 429 21.5827 15.982
L_433.bmp 433 21.8312 18.251
L_435.bmp 435 22.3511 19.727
L_440.bmp 440 24.4106 21.785
L_445.bmp 445 23.3932 24.081
L_451.bmp 451 25.1989 25.846
L_456.bmp 456 24.4314 28.117
L_460.bmp 460 33.8597 29.92
L_467.bmp 467 34.5053 32.1
L_472.bmp 472 35.5105 33.982
L_477.bmp 477 35.7245 35.724
L_481.bmp 481 35.5628 38.085
L_486.bmp 486 37.3363 40.071
L_490.bmp 490 36.514 42.046
L_494.bmp 494 38.3892 43.756
L_498.bmp 498 39.2764 45.926
L_501.bmp 501 39.9599 47.814
L_505.bmp 505 42.1403 49.919
L_507.bmp 507 44.1154 51.774
L_510.bmp 510 45.4091 54.394
L_512.bmp 512 48.7772 55.892
L_514.bmp 514 54.2851 57.746
L_516.bmp 516 58.834 59.587
L_519.bmp 519 62.4909 62.172
L_522.bmp 522 66.3309 63.544
L_524.bmp 524 66.9251 65.701
L_526.bmp 526 68.7665 67.504
L_528.bmp 528 68.4688 69.954
L_530.bmp 530 67.0395 71.563
L_532.bmp 532 68.041 73.547
L_534.bmp 534 73.0008 75.733
L_536.bmp 536 71.4389 77.728
L_539.bmp 539 72.236 80.401
L_543.bmp 543 76.2711 86.037
L_545.bmp 545 79.229 87.939
L_210.bmp 210 -78.6393 -83.919
L_225.bmp 225 -81.5308 -81.984
L_240.bmp 240 -75.8166 -79.998
L_254.bmp 254 -78.093 -77.998
L_266.bmp 266 -74.3182 -76.008
L_288.bmp 288 -73.0842 -71.942
L_294.bmp 294 -73.7895 -70.123
L_307.bmp 307 -69.2663 -68.057
L_319.bmp 319 -73.6592 -66.044
L_336.bmp 336 -69.4087 -63.908
L_348.bmp 348 -68.1526 -62.033
L_358.bmp 358 -66.9156 -59.995
L_373.bmp 373 -60.6224 -57.992
L_387.bmp 387 -63.1624 -55.988
L_401.bmp 401 -57.7037 -54.175
L_418.bmp 418 -57.1788 -52.024
L_434.bmp 434 -54.4578 -50.011
L_451.bmp 451 -51.6266 -48.113
L_466.bmp 466 -47.7108 -46.016
L_483.bmp 483 -44.3413 -44.11
L_500.bmp 500 -41.8083 -42.035
L_523.bmp 523 -39.9921 -39.98
L_552.bmp 552 -38.177 -37.953
L_570.bmp 570 -36.3169 -35.936
L_585.bmp 585 -36.1233 -34.029
L_613.bmp 613 -34.861 -31.94
L_641.bmp 641 -33.7761 -30.458
L_659.bmp 659 -32.1754 -28.008
L_695.bmp 695 -31.7487 -25.965
L_711.bmp 711 -26.8801 -24.034
L_732.bmp 732 -29.8002 -22.03
L_744.bmp 744 -18.9444 -20.066
L_756.bmp 756 -18.109 -18.016
L_784.bmp 784 -25.4277 -16.126
L_795.bmp 795 -14.2996 -13.976
L_808.bmp 808 -11.465 -11.936
L_819.bmp 819 -10.4782 -9.9913
L_833.bmp 833 -11.4776 -7.9539
L_847.bmp 847 -7.49081 -5.9704
L_865.bmp 865 -4.12729 -4.0276
L_882.bmp 882 -2.33734 -1.9832
L_900.bmp 900 -0.275741 0.014046
L_926.bmp 926 2.16962 2.1443
L_950.bmp 950 2.75871 3.9224
L_1005.bmp 1005 8.18132 6.0102
L_1022.bmp 1022 9.83368 7.9389
L_1030.bmp 1030 13.4853 10.252
L_1041.bmp 1041 16.1207 11.94
L_1053.bmp 1053 18.6709 14.081
L_1057.bmp 1057 20.882 15.879
L_1068.bmp 1068 21.7189 18.116
L_1083.bmp 1083 23.7142 19.964
L_1100.bmp 1100 24.0851 22.016
L_1113.bmp 1113 25.8116 23.763
L_1121.bmp 1121 27.1757 25.953
L_1139.bmp 1139 30.2981 28.016
L_1153.bmp 1153 38.38 30.084
L_1173.bmp 1173 38.1155 31.998
L_1187.bmp 1187 39.7227 33.958
L_1198.bmp 1198 40.2163 35.986
L_1210.bmp 1210 39.2419 38.057
L_1221.bmp 1221 41.3369 39.961
L_1231.bmp 1231 45.5471 41.903
L_1245.bmp 1245 50.5414 44.034
L_1254.bmp 1254 52.6396 46.154
L_1263.bmp 1263 60.7796 48.124
L_1265.bmp 1265 59.4493 49.68
L_1268.bmp 1268 65.2573 52.154
L_1280.bmp 1280 68.7873 53.993
L_1295.bmp 1295 69.3333 56.003
L_1314.bmp 1314 71.0423 58.021
L_1332.bmp 1332 73.9499 60.016
L_1349.bmp 1349 77.5508 63.862
L_1359.bmp 1359 75.7172 66.009
L_1371.bmp 1371 78.0543 68.132
L_1382.bmp 1382 81.886 70.011
L_1394.bmp 1394 79.1762 71.974
L_1408.bmp 1408 82.7484 73.974
L_1415.bmp 1415 83.4524 76.039
L_1427.bmp 1427 83.8846 78.014
L_1431.bmp 1431 82.3112 80.06
L_1451.bmp 1451 84.003 81.993
L_1467.bmp 1467 83.4301 84.026
L_1485.bmp 1485 81.8129 86.009
L_1506.bmp 1506 81.7841 88.043
L_1512.bmp 1512 84.3834 89.946
L_106.bmp 106 -82.2053 -90.387
L_109.bmp 109 -81.6521 -85.592
L_113.bmp 113 -81.6567 -81.777
L_115.bmp 115 -81.3155 -79.612
L_118.bmp 118 -79.7539 -76.168
L_120.bmp 120 -69.8651 -73.81
L_122.bmp 122 -73.6402 -72.417
L_125.bmp 125 -71.1487 -69.908
L_128.bmp 128 -68.0028 -68.331
L_131.bmp 131 -74.1067 -66.118
L_135.bmp 135 -66.879 -63.641
L_137.bmp 137 -66.8816 -61.887
L_139.bmp 139 -66.7576 -60.056
L_142.bmp 142 -65.2951 -57.739
L_144.bmp 144 -65.294 -56.009
L_146.bmp 146 -59.859 -54.339
L_149.bmp 149 -59.6714 -51.983
L_152.bmp 152 -56.3329 -50.162
L_155.bmp 155 -50.1414 -48.305
L_158.bmp 158 -50.7092 -45.915
L_161.bmp 161 -49.2867 -43.668
L_163.bmp 163 -47.16 -42.288
L_166.bmp 166 -45.9984 -39.525
L_169.bmp 169 -44.3096 -37.782
L_172.bmp 172 -42.701 -36.113
L_175.bmp 175 -40.2277 -33.636
L_177.bmp 177 -37.872 -32.042
L_179.bmp 179 -37.0491 -30.221
L_182.bmp 182 -32.2482 -27.653
L_184.bmp 184 -28.5604 -26.149
L_186.bmp 186 -31.0992 -24.306
L_188.bmp 188 -21.6331 -22.426
L_191.bmp 191 -16.0512 -19.981
L_194.bmp 194 -15.6472 -17.721
L_197.bmp 197 -13.6699 -15.674
L_201.bmp 201 -12.6305 -13.919
L_204.bmp 204 -11.1773 -11.577
L_205.bmp 205 -9.26127 -10.454
L_208.bmp 208 -7.15726 -7.7555
L_210.bmp 210 -4.92457 -6.0536
L_213.bmp 213 -1.70194 -3.6278
L_215.bmp 215 0.0666927 -1.947
L_217.bmp 217 1.08908 -0.30412
L_220.bmp 220 3.50394 2.3884
L_222.bmp 222 4.0023 4.0796
L_224.bmp 224 6.72354 5.7112
L_227.bmp 227 10.2732 7.8397
L_233.bmp 233 16.1862 13.958
L_235.bmp 235 18.2298 15.753
L_237.bmp 237 18.0873 17.969
L_240.bmp 240 21.9284 19.9
L_242.bmp 242 22.0857 21.586
L_245.bmp 245 22.4594 24.428
L_246.bmp 246 25.1208 25.563
L_248.bmp 248 24.6963 27.549
L_250.bmp 250 25.0189 29.762
L_252.bmp 252 33.57 31.712
L_254.bmp 254 34.3602 33.578
L_256.bmp 256 35.6792 35.677
L_258.bmp 258 36.8951 38.136
L_259.bmp 259 37.2459 39.689
L_261.bmp 261 39.2121 42.323
L_264.bmp 264 40.9546 45.78
L_267.bmp 267 43.8555 48.454
L_270.bmp 270 45.4522 50.175
L_272.bmp 272 47.4434 52.073
L_275.bmp 275 51.2682 54.269
L_277.bmp 277 55.5741 56.127
L_279.bmp 279 58.5194 58.035
L_282.bmp 282 58.7921 60.468
L_284.bmp 284 71.1614 62.358
L_285.bmp 285 66.8695 63.743
L_289.bmp 289 68.0389 68.394
L_291.bmp 291 72.0862 70.374
L_292.bmp 292 76.9852 71.611
L_294.bmp 294 74.9452 73.653
L_297.bmp 297 78.5921 75.868
L_311.bmp 311 81.7631 83.901
L_313.bmp 313 81.4844 86.205
L_316.bmp 316 82.908 89.731
L_283.bmp 283 -68.3585 -73.921
L_287.bmp 287 -71.4687 -71.946
L_292.bmp 292 -70.5963 -70.049
L_295.bmp 295 -59.2574 -68.119
L_299.bmp 299 -65.9792 -65.906
L_304.bmp 304 -62.4293 -64.067
L_309.bmp 309 -55.0122 -61.96
L_312.bmp 312 -53.6476 -60.12
L_316.bmp 316 -64.5501 -57.869
L_320.bmp 320 -61.9677 -56.192
L_324.bmp 324 -56.0913 -54.14
L_327.bmp 327 -56.3787 -52.207
L_331.bmp 331 -57.3264 -49.965
L_336.bmp 336 -52.7237 -48.184
L_342.bmp 342 -51.1449 -46.099
L_349.bmp 349 -48.6621 -43.955
L_357.bmp 357 -46.1283 -42.179
L_363.bmp 363 -41.8338 -39.893
L_367.bmp 367 -41.3431 -37.921
L_373.bmp 373 -40.2122 -35.844
L_377.bmp 377 -37.3056 -33.861
L_381.bmp 381 -35.6766 -32.094
L_386.bmp 386 -36.0483 -30.066
L_394.bmp 394 -33.6458 -28.039
L_406.bmp 406 -33.3712 -25.902
L_412.bmp 412 -31.6172 -24.363
L_416.bmp 416 -28.0653 -22.225
L_422.bmp 422 -24.9315 -19.971
L_427.bmp 427 -19.0276 -17.761
L_430.bmp 430 -20.5348 -16.009
L_435.bmp 435 -13.1729 -14.129
L_443.bmp 443 -14.0356 -12.03
L_445.bmp 445 -9.96191 -9.6036
L_449.bmp 449 -9.52717 -7.7932
L_452.bmp 452 -7.59567 -5.9675
L_458.bmp 458 -2.06741 -4.1395
L_463.bmp 463 -1.23279 -2.1048
L_469.bmp 469 -0.938954 0.31766
L_473.bmp 473 3.52718 2.0499
L_475.bmp 475 5.05797 3.7541
L_482.bmp 482 9.12926 5.7985
L_499.bmp 499 7.71539 8.0359
L_503.bmp 503 12.3173 10.041
L_507.bmp 507 13.5356 12.234
L_510.bmp 510 14.1215 14.01
L_513.bmp 513 16.4477 15.762
L_517.bmp 517 22.3884 18.212
L_520.bmp 520 27.4452 19.992
L_524.bmp 524 28.4045 22.07
L_528.bmp 528 25.8691 23.97
L_533.bmp 533 31.4447 25.964
L_537.bmp 537 32.6402 27.885
L_550.bmp 550 33.0536 30.182
L_554.bmp 554 38.1576 31.825
L_557.bmp 557 36.4149 34.038
L_560.bmp 560 37.9408 35.869
L_565.bmp 565 39.1698 38.111
L_568.bmp 568 39.6801 39.74
L_573.bmp 573 40.8128 42.082
L_577.bmp 577 42.75 43.86
L_580.bmp 580 42.9929 45.788
L_583.bmp 583 42.7536 48.292
L_586.bmp 586 51.8556 51.908
L_590.bmp 590 54.7442 53.99
L_593.bmp 593 55.793 56.011
L_596.bmp 596 60.2791 58.059
L_600.bmp 600 59.2869 59.98
L_604.bmp 604 65.116 61.898
L_608.bmp 608 67.1713 64.229
L_612.bmp 612 65.8095 66.23
L_614.bmp 614 64.4632 67.768
L_617.bmp 617 68.4568 69.83
L_621.bmp 621 66.0179 72.078
L_625.bmp 625 71.2839 74.252
L_629.bmp 629 74.0068 75.763
L_632.bmp 632 75.7395 77.789
L_636.bmp 636 75.5268 80.103
L_639.bmp 639 80.9726 82.128
L_643.bmp 643 81.2695 84.148
L_646.bmp 646 81.3439 88.023
L_649.bmp 649 81.3368 89.898
L_261.bmp 261 -71.7863 -75.795
L_263.bmp 263 -68.9964 -73.865
L_266.bmp 266 -70.0796 -71.603
L_268.bmp 268 -68.9829 -69.878
L_271.bmp 271 -66.7181 -68.199
L_274.bmp 274 -58.1056 -66.176
L_279.bmp 279 -63.927 -63.854
L_282.bmp 282 -59.5038 -61.853
L_285.bmp 285 -63.4268 -60.225
L_288.bmp 288 -57.785 -57.991
L_291.bmp 291 -52.9558 -56.181
L_295.bmp 295 -53.1576 -53.59
L_385.bmp 385 -52.6565 -52.061
L_387.bmp 387 -52.4746 -50.248
L_391.bmp 391 -49.6601 -47.949
L_395.bmp 395 -42.5438 -45.842
L_399.bmp 399 -43.0478 -43.932
L_403.bmp 403 -38.9152 -41.997
L_409.bmp 409 -35.1581 -35.825
L_411.bmp 411 -33.9355 -34.297
L_414.bmp 414 -33.6867 -31.809
L_418.bmp 418 -33.6336 -30.157
L_423.bmp 423 -30.9787 -27.825
L_426.bmp 426 -31.9827 -26.244
L_428.bmp 428 -30.7363 -24.356
L_430.bmp 430 -26.3522 -21.642
L_431.bmp 431 -25.4855 -20.273
L_435.bmp 435 -18.3148 -18
L_438.bmp 438 -15.5386 -16.238
L_442.bmp 442 -17.7734 -13.897
L_448.bmp 448 -14.0369 -9.9064
L_451.bmp 451 -10.6609 -8.4022
L_455.bmp 455 -4.03854 -5.8191
L_457.bmp 457 -2.66202 -3.8097
L_461.bmp 461 -0.286377 -1.8743
L_464.bmp 464 4.51384 0.16585
L_466.bmp 466 3.81541 2.1051
L_469.bmp 469 5.40938 5.8124
L_472.bmp 472 11.5287 10.059
L_476.bmp 476 17.0783 16.165
L_479.bmp 479 18.2466 18.196
L_483.bmp 483 20.4997 20.019
L_489.bmp 489 28.0422 21.932
L_495.bmp 495 21.8716 24.12
L_499.bmp 499 22.7648 25.789
L_504.bmp 504 24.6054 28.243
L_507.bmp 507 26.0881 29.794
L_511.bmp 511 29.9198 32.299
L_515.bmp 515 35.1298 33.978
L_519.bmp 519 38.6379 35.826
L_524.bmp 524 40.0369 38.291
L_527.bmp 527 41.9301 40.25
L_531.bmp 531 43.749 42.081
L_535.bmp 535 47.098 44.031
L_539.bmp 539 47.9768 45.969
L_543.bmp 543 48.1882 48.131
L_545.bmp 545 50.5863 49.77
L_548.bmp 548 52.1793 52.312
L_550.bmp 550 51.3854 54.036
L_552.bmp 552 56.211 56.154
L_556.bmp 556 58.256 57.781
L_560.bmp 560 58.6393 59.684
L_563.bmp 563 61.8152 61.893
L_566.bmp 566 66.8861 63.698
L_568.bmp 568 64.6594 65.585
L_570.bmp 570 64.6879 67.796
L_574.bmp 574 68.2416 69.787
L_578.bmp 578 68.8224 72.153
L_582.bmp 582 70.7862 74.015
L_585.bmp 585 67.8391 76.247
L_586.bmp 586 75.6835 77.787
L_587.bmp 587 70.4989 79.979
L_432.bmp 432 -61.7493 -79.915
L_437.bmp 437 -60.6883 -78.098
L_446.bmp 446 -46.925 -76.034
L_462.bmp 462 -53.8289 -73.908
L_479.bmp 479 -55.808 -72.059
L_489.bmp 489 -54.8737 -70.08
L_498.bmp 498 -54.5889 -67.956
L_517.bmp 517 -56.5099 -65.964
L_523.bmp 523 -54.4642 -63.988
L_529.bmp 529 -52.9919 -61.94
L_536.bmp 536 -52.348 -59.859
L_541.bmp 541 -44.4493 -58.009
L_553.bmp 553 -52.1673 -56.016
L_559.bmp 559 -42.2213 -53.999
L_564.bmp 564 -42.9745 -51.923
L_571.bmp 571 -44.2783 -50.107
L_578.bmp 578 -38.5979 -48.033
L_583.bmp 583 -40.9728 -46.204
L_590.bmp 590 -37.5142 -43.986
L_595.bmp 595 -35.0464 -42.107
L_599.bmp 599 -34.8967 -40.028
L_605.bmp 605 -32.9945 -38.003
L_617.bmp 617 -32.2554 -36.037
L_623.bmp 623 -31.3991 -33.899
L_630.bmp 630 -30.8812 -31.887
L_636.bmp 636 -27.3583 -29.998
L_642.bmp 642 -30.0465 -27.991
L_650.bmp 650 -28.3827 -25.985
L_655.bmp 655 -25.3863 -23.819
L_664.bmp 664 -23.9838 -22.118
L_672.bmp 672 -14.398 -19.883
L_675.bmp 675 -11.9313 -18.195
L_684.bmp 684 -11.3133 -15.969
L_689.bmp 689 -9.3173 -13.938
L_694.bmp 694 -9.08329 -12.06
L_701.bmp 701 -7.27624 -9.7944
L_703.bmp 703 -6.67362 -8.2923
L_707.bmp 707 -4.93948 -6.0809
L_712.bmp 712 2.27625 -3.8446
L_716.bmp 716 3.87519 -1.7573
L_718.bmp 718 6.83099 0.26286
L_720.bmp 720 7.43421 2.0892
L_725.bmp 725 8.45972 3.6853
L_730.bmp 730 11.7427 6.1123
L_735.bmp 735 17.1234 8.111
L_740.bmp 740 16.7378 9.8124
L_748.bmp 748 16.9039 12.093
L_751.bmp 751 19.9293 13.613
L_754.bmp 754 20.7753 16.025
L_756.bmp 756 21.4323 17.633
L_762.bmp 762 22.9176 20.108
L_767.bmp 767 21.6836 22.131
L_776.bmp 776 24.073 24.083
L_785.bmp 785 31.7513 25.954
L_794.bmp 794 34.5115 28.096
L_798.bmp 798 34.8507 29.906
L_802.bmp 802 36.4105 32.21
L_809.bmp 809 34.1412 34.19
L_817.bmp 817 38.2287 35.964
L_822.bmp 822 39.4993 38.181
L_835.bmp 835 39.5445 39.974
L_843.bmp 843 40.2767 42.127
L_853.bmp 853 40.648 43.979
L_864.bmp 864 40.158 45.977
L_877.bmp 877 43.8648 48.101
L_887.bmp 887 46.5577 49.941
L_895.bmp 895 47.298 51.949
L_903.bmp 903 47.5687 53.965
L_911.bmp 911 49.8222 55.97
L_918.bmp 918 50.7549 57.916
L_936.bmp 936 52.6193 59.914
L_944.bmp 944 52.477 61.887
L_950.bmp 950 54.371 63.944
L_959.bmp 959 62.7621 65.922
L_966.bmp 966 64.9306 67.966
L_973.bmp 973 63.0401 70.118
L_981.bmp 981 69.6625 72.108
L_986.bmp 986 72.0265 74.005
L_1001.bmp 1001 72.8685 75.997
L_1005.bmp 1005 75.0949 77.842
L_1014.bmp 1014 72.4056 81.897
L_231.bmp 231 -62.8597 -81.976
L_245.bmp 245 -65.1088 -78.01
L_254.bmp 254 -61.1525 -76.113
L_262.bmp 262 -61.9679 -73.981
L_266.bmp 266 -63.8822 -72.167
L_275.bmp 275 -60.4597 -69.917
L_278.bmp 278 -56.0409 -68.006
L_291.bmp 291 -59.9221 -66.087
L_304.bmp 304 -58.5687 -64.003
L_314.bmp 314 -54.9659 -62.03
L_321.bmp 321 -55.6549 -60.027
L_329.bmp 329 -50.213 -57.961
L_344.bmp 344 -47.132 -55.868
L_347.bmp 347 -45.7726 -54.018
L_356.bmp 356 -43.1649 -52.056
L_363.bmp 363 -39.5304 -49.974
L_370.bmp 370 -38.3476 -47.977
L_383.bmp 383 -37.4827 -45.887
L_391.bmp 391 -38.1071 -44.105
L_409.bmp 409 -37.5929 -42
L_415.bmp 415 -36.1626 -40.012
L_421.bmp 421 -35.8063 -37.945
L_424.bmp 424 -34.0927 -35.768
L_425.bmp 425 -33.337 -34.477
L_428.bmp 428 -33.1017 -31.858
L_449.bmp 449 -31.3742 -29.991
L_462.bmp 462 -30.8676 -27.93
L_477.bmp 477 -27.8513 -25.887
L_486.bmp 486 -29.022 -24.008
L_494.bmp 494 -23.848 -22.204
L_499.bmp 499 -25.4806 -20.053
L_522.bmp 522 -17.2296 -17.831
L_527.bmp 527 -12.5775 -15.817
L_541.bmp 541 -11.187 -14.047
L_551.bmp 551 -9.58194 -12.011
L_559.bmp 559 -6.84588 -10.044
L_576.bmp 576 -2.59916 -7.5732
L_581.bmp 581 -0.587823 -6.0426
L_595.bmp 595 1.65397 -4.0137
L_605.bmp 605 3.05668 -2.0921
L_644.bmp 644 5.86742 0.14554
L_652.bmp 652 7.83823 1.8819
L_666.bmp 666 11.3341 3.9263
L_675.bmp 675 17.9745 6.0786
L_688.bmp 688 20.4403 8.0872
L_696.bmp 696 26.2329 10.021
L_712.bmp 712 22.5119 12.411
L_722.bmp 722 25.009 13.867
L_730.bmp 730 24.9635 16.014
L_738.bmp 738 26.586 17.766
L_758.bmp 758 26.321 21.985
L_767.bmp 767 27.5731 24.003
L_782.bmp 782 36.3006 26.001
L_798.bmp 798 32.8137 28.055
L_812.bmp 812 33.3357 29.975
L_827.bmp 827 36.9364 31.99
L_841.bmp 841 40.4746 33.989
L_850.bmp 850 39.448 35.857
L_859.bmp 859 41.2502 40.196
L_875.bmp 875 43.2026 41.946
L_889.bmp 889 43.1538 43.997
L_908.bmp 908 45.8211 46.107
L_913.bmp 913 46.7461 48.051
L_920.bmp 920 50.6243 50.188
L_933.bmp 933 52.1806 51.998
L_947.bmp 947 56.5105 53.936
L_962.bmp 962 61.3643 56.05
L_975.bmp 975 66.4745 58.126
L_986.bmp 986 67.666 60.441
L_992.bmp 992 68.851 61.864
L_1001.bmp 1001 74.1972 64.055
L_1007.bmp 1007 74.9602 65.987
L_1012.bmp 1012 75.469 67.88
L_1035.bmp 1035 78.1693 69.682
L_1047.bmp 1047 78.7789 72.018
L_1054.bmp 1054 79.992 73.905
L_1066.bmp 1066 81.5497 76.127
L_1074.bmp 1074 79.6944 77.886
L_1085.bmp 1085 75.0179 79.775
L_1089.bmp 1089 80.0416 81.932
L_1107.bmp 1107 75.1508 85.994
L_212.bmp 212 -73.4981 -87.895
L_222.bmp 222 -70.6417 -85.914
L_231.bmp 231 -79.6188 -83.942
L_255.bmp 255 -79.6617 -82.065
L_275.bmp 275 -67.4211 -79.904
L_303.bmp 303 -75.1581 -78.173
L_326.bmp 326 -75.0567 -76.01
L_332.bmp 332 -74.0418 -74.012
L_373.bmp 373 -68.5032 -71.959
L_386.bmp 386 -66.8172 -69.924
L_406.bmp 406 -66.8971 -68.003
L_429.bmp 429 -62.8335 -66.073
L_473.bmp 473 -60.467 -63.985
L_505.bmp 505 -59.4355 -61.988
L_514.bmp 514 -59.2293 -60.078
L_536.bmp 536 -58.6381 -58.027
L_556.bmp 556 -55.6635 -55.979
L_574.bmp 574 -51.2654 -53.972
L_618.bmp 618 -51.6981 -52.057
L_624.bmp 624 -47.6916 -50.222
L_630.bmp 630 -45.0754 -47.977
L_639.bmp 639 -43.4214 -46.054
L_646.bmp 646 -39.6725 -44.031
L_653.bmp 653 -39.075 -41.947
L_673.bmp 673 -36.2961 -40.051
L_683.bmp 683 -36.8005 -38.017
L_691.bmp 691 -35.2001 -36.134
L_710.bmp 710 -34.2011 -33.996
L_722.bmp 722 -31.7148 -32.026
L_743.bmp 743 -31.1221 -30.042
L_752.bmp 752 -28.779 -27.978
L_758.bmp 758 -27.7605 -26.047
L_768.bmp 768 -28.3311 -23.87
L_777.bmp 777 -23.8756 -21.936
L_784.bmp 784 -17.4235 -20.065
L_793.bmp 793 -15.4413 -17.972
L_804.bmp 804 -18.8935 -16.039
L_821.bmp 821 -13.3897 -13.934
L_854.bmp 854 -12.2386 -11.961
L_860.bmp 860 -9.86608 -9.9968
L_866.bmp 866 -4.99919 -8.0722
L_875.bmp 875 -3.06618 -6.0375
L_894.bmp 894 -0.143848 -3.9485
L_905.bmp 905 2.38658 -2.0022
L_921.bmp 921 5.24445 0.093292
L_934.bmp 934 4.52709 1.9553
L_957.bmp 957 8.43095 3.9558
L_970.bmp 970 10.3552 5.9987
L_977.bmp 977 15.5493 8.0767
L_985.bmp 985 17.0976 10.02
L_1007.bmp 1007 19.2277 12.007
L_1024.bmp 1024 20.8465 13.986
L_1043.bmp 1043 22.9183 16.063
L_1053.bmp 1053 22.5657 18.034
L_1069.bmp 1069 24.0932 19.999
L_1091.bmp 1091 25.6078 21.89
L_1096.bmp 1096 26.5983 23.965
L_1106.bmp 1106 27.5326 26.042
L_1113.bmp 1113 26.8773 27.936
L_1120.bmp 1120 28.3557 29.913
L_1130.bmp 1130 33.5516 32.12
L_1142.bmp 1142 36.9937 34.04
L_1151.bmp 1151 37.3863 36.03
L_1171.bmp 1171 40.4881 38.021
L_1184.bmp 1184 41.1579 40.052
L_1191.bmp 1191 43.1856 42.152
L_1203.bmp 1203 44.2851 44.071
L_1216.bmp 1216 45.9047 45.979
L_1226.bmp 1226 47.3813 47.81
L_1233.bmp 1233 48.9898 49.978
L_1243.bmp 1243 48.4043 52.048
L_1252.bmp 1252 52.0607 54.059
L_1265.bmp 1265 54.6008 56.07
L_1274.bmp 1274 61.2138 57.91
L_1286.bmp 1286 58.721 59.987
L_1300.bmp 1300 63.6264 61.968
L_1315.bmp 1315 65.2551 63.991
L_1327.bmp 1327 67.0524 66.056
L_1338.bmp 1338 68.3316 68.003
L_1356.bmp 1356 71.3917 70.204
L_1366.bmp 1366 70.7041 72.198
L_1369.bmp 1369 71.3125 74.051
L_1375.bmp 1375 73.4378 76.064
L_1383.bmp 1383 74.3111 77.869
L_1390.bmp 1390 76.8698 81.859
L_1392.bmp 1392 78.9686 84.385
L_1393.bmp 1393 83.393 87.915
L_1400.bmp 1400 66.5427 89.981
L_293.bmp 293 -79.1731 -86.035
L_300.bmp 300 -76.0925 -83.925
L_307.bmp 307 -76.3273 -81.921
L_314.bmp 314 -74.9256 -79.914
L_322.bmp 322 -73.9523 -78.158
L_330.bmp 330 -73.7416 -75.994
L_340.bmp 340 -72.6627 -73.992
L_349.bmp 349 -70.3662 -71.975
L_358.bmp 358 -71.6241 -69.967
L_365.bmp 365 -70.2934 -68.083
L_381.bmp 381 -67.8526 -65.927
L_386.bmp 386 -66.3344 -63.986
L_389.bmp 389 -67.2666 -61.904
L_397.bmp 397 -64.5341 -59.943
L_405.bmp 405 -61.2252 -58.148
L_410.bmp 410 -59.82 -55.985
L_416.bmp 416 -57.2651 -54.071
L_426.bmp 426 -56.4348 -52.017
L_434.bmp 434 -53.6911 -50.104
L_443.bmp 443 -58.1006 -47.991
L_451.bmp 451 -51.2235 -46.038
L_458.bmp 458 -46.3168 -43.997
L_461.bmp 461 -40.2564 -42.192
L_467.bmp 467 -37.1502 -39.956
L_480.bmp 480 -35.8463 -37.934
L_488.bmp 488 -34.2796 -36.051
L_495.bmp 495 -35.6772 -34.084
L_500.bmp 500 -32.6293 -32.203
L_504.bmp 504 -32.5428 -30.304
L_508.bmp 508 -30.1094 -27.953
L_517.bmp 517 -28.0962 -25.933
L_519.bmp 519 -21.7525 -23.971
L_525.bmp 525 -23.7511 -22.184
L_531.bmp 531 -24.8509 -19.843
L_535.bmp 535 -17.4071 -17.892
L_542.bmp 542 -15.2285 -15.923
L_549.bmp 549 -13.3139 -13.878
L_556.bmp 556 -11.5098 -11.933
L_566.bmp 566 -8.09104 -10.102
L_576.bmp 576 -7.48417 -8.0053
L_586.bmp 586 -4.81589 -6.0405
L_602.bmp 602 -2.32341 -3.997
L_608.bmp 608 0.289428 -1.7842
L_610.bmp 610 3.93922 -0.24733
L_617.bmp 617 9.64522 1.976
L_624.bmp 624 13.0643 3.9495
L_636.bmp 636 17.5693 5.9807
L_646.bmp 646 16.8853 8.0864
L_656.bmp 656 18.622 9.7531
L_666.bmp 666 20.9436 11.825
L_679.bmp 679 20.3498 13.99
L_687.bmp 687 21.5145 16.084
L_697.bmp 697 23.7518 17.839
L_706.bmp 706 23.1672 20.075
L_713.bmp 713 25.2285 22
L_728.bmp 728 24.4119 23.982
L_738.bmp 738 27.0155 26.115
L_750.bmp 750 26.6501 27.993
L_762.bmp 762 28.5051 29.984
L_773.bmp 773 36.4227 32.215
L_782.bmp 782 37.7789 33.913
L_785.bmp 785 41.2326 35.919
L_792.bmp 792 43.8693 37.896
L_799.bmp 799 46.9011 39.977
L_807.bmp 807 50.1193 41.895
L_812.bmp 812 55.1242 44.245
L_817.bmp 817 58.2072 46
L_823.bmp 823 56.6152 47.812
L_834.bmp 834 63.3571 49.9
L_836.bmp 836 66.7286 51.995
L_845.bmp 845 68.4661 53.958
L_851.bmp 851 72.2636 56.17
L_857.bmp 857 73.0299 57.96
L_868.bmp 868 76.2486 60.365
L_873.bmp 873 75.3012 61.855
L_879.bmp 879 76.084 63.648
L_882.bmp 882 77.3623 66.025
L_892.bmp 892 80.2424 68.034
L_900.bmp 900 81.2142 69.919
L_902.bmp 902 81.3936 71.662
L_903.bmp 903 80.8506 73.032
L_904.bmp 904 82.6004 74.06
L_915.bmp 915 84.4122 74.98
L_918.bmp 918 83.809 76.049
L_925.bmp 925 82.5245 77.92
L_936.bmp 936 84.296 79.903
L_942.bmp 942 85.5983 81.783
L_131.bmp 131 -81.5224 -87.736
L_134.bmp 134 -77.7723 -86.07
L_141.bmp 141 -76.3941 -82.392
L_145.bmp 145 -80.8013 -79.89
L_148.bmp 148 -79.9752 -78.382
L_150.bmp 150 -75.0354 -75.949
L_153.bmp 153 -75.1242 -73.981
L_158.bmp 158 -73.0618 -72.028
L_161.bmp 161 -70.2385 -69.672
L_164.bmp 164 -68.4931 -68.118
L_168.bmp 168 -65.9959 -66.229
L_172.bmp 172 -63.869 -64.111
L_178.bmp 178 -61.9416 -62.177
L_179.bmp 179 -62.0037 -60.191
L_184.bmp 184 -60.8944 -58.036
L_199.bmp 199 -58.4125 -56.128
L_203.bmp 203 -54.5745 -54.013
L_206.bmp 206 -52.094 -52.281
L_208.bmp 208 -49.0168 -49.749
L_214.bmp 214 -44.0869 -47.92
L_218.bmp 218 -42.8495 -45.874
L_222.bmp 222 -39.792 -44.113
L_226.bmp 226 -39.3672 -42.116
L_232.bmp 232 -34.659 -40.181
L_238.bmp 238 -31.3468 -36.047
L_242.bmp 242 -30.8721 -34.091
L_246.bmp 246 -30.4962 -32.232
L_250.bmp 250 -29.014 -29.892
L_254.bmp 254 -27.1559 -27.829
L_258.bmp 258 -28.8943 -26.154
L_264.bmp 264 -23.1705 -23.812
L_272.bmp 272 -15.4066 -19.886
L_279.bmp 279 -13.3271 -18.021
L_286.bmp 286 -11.0964 -15.965
L_290.bmp 290 -9.46286 -14.034
L_291.bmp 291 -6.8292 -12.141
L_296.bmp 296 -3.59179 -9.8916
L_301.bmp 301 -4.34752 -8.0933
L_306.bmp 306 -1.44462 -5.9597
L_311.bmp 311 3.33042 -3.9414
L_318.bmp 318 3.9669 -2.0092
L_331.bmp 331 5.78867 -0.049218
L_333.bmp 333 8.9983 1.6325
L_338.bmp 338 8.67754 3.8328
L_344.bmp 344 13.9117 5.9631
L_348.bmp 348 17.7786 8.08
L_354.bmp 354 15.2571 9.9864
L_361.bmp 361 19.3996 11.892
L_367.bmp 367 19.7563 13.985
L_375.bmp 375 19.406 15.883
L_384.bmp 384 22.5889 17.987
L_392.bmp 392 23.5785 20.156
L_396.bmp 396 27.0748 21.96
L_414.bmp 414 29.4835 24.199
L_418.bmp 418 28.3743 26.244
L_422.bmp 422 31.3179 28.162
L_429.bmp 429 36.5053 29.95
L_434.bmp 434 35.212 31.944
L_443.bmp 443 35.3581 34.209
L_447.bmp 447 38.4715 35.891
L_451.bmp 451 39.3348 37.916
L_467.bmp 467 41.2124 41.95
L_470.bmp 470 43.5604 44.037
L_475.bmp 475 42.5741 46.062
L_478.bmp 478 45.2708 48.043
L_481.bmp 481 49.4519 49.865
L_484.bmp 484 50.5261 51.735
L_488.bmp 488 51.4185 54.277
L_491.bmp 491 50.9679 55.778
L_494.bmp 494 56.2903 57.703
L_496.bmp 496 63.6847 60.167
L_500.bmp 500 60.5318 62.14
L_503.bmp 503 64.6502 64.263
L_507.bmp 507 65.7931 65.978
L_514.bmp 514 68.8942 68.05
L_516.bmp 516 70.8006 69.792
L_520.bmp 520 74.3207 72.278
L_522.bmp 522 73.8818 73.541
L_525.bmp 525 72.5244 78.014
L_527.bmp 527 67.5606 81.858
L_236.bmp 236 -76.4056 -90.151
L_239.bmp 239 -73.0688 -88.155
L_251.bmp 251 -73.7394 -86.346
L_256.bmp 256 -73.201 -83.628
L_259.bmp 259 -77.6609 -80.027
L_261.bmp 261 -76.6467 -78.139
L_266.bmp 266 -70.1134 -73.883
L_268.bmp 268 -67.1503 -71.691
L_271.bmp 271 -68.0152 -68.268
L_274.bmp 274 -64.1797 -65.625
L_276.bmp 276 -64.6658 -63.766
L_280.bmp 280 -60.0964 -57.975
L_290.bmp 290 -56.659 -56.182
L_292.bmp 292 -51.9812 -53.985
L_295.bmp 295 -46.3219 -50.339
L_298.bmp 298 -42.8133 -48.086
L_301.bmp 301 -43.4552 -45.966
L_315.bmp 315 -41.5556 -43.944
L_319.bmp 319 -40.6873 -41.945
L_323.bmp 323 -39.2705 -40.155
L_326.bmp 326 -37.5518 -37.785
L_329.bmp 329 -35.2697 -36.028
L_332.bmp 332 -37.6862 -33.57
L_339.bmp 339 -31.5153 -32.297
L_342.bmp 342 -29.7944 -30.156
L_346.bmp 346 -29.328 -27.882
L_348.bmp 348 -30.6441 -26.355
L_351.bmp 351 -28.5415 -23.885
L_354.bmp 354 -19.2604 -21.951
L_356.bmp 356 -18.8979 -20.393
L_359.bmp 359 -16.0522 -17.561
L_361.bmp 361 -11.8965 -15.999
L_369.bmp 369 -12.2585 -14.033
L_373.bmp 373 -8.72258 -12.143
L_377.bmp 377 -4.33083 -9.7718
L_380.bmp 380 -3.14589 -8.1464
L_384.bmp 384 -2.28662 -5.7355
L_401.bmp 401 -1.25263 -3.9603
L_411.bmp 411 1.28432 -2.006
L_426.bmp 426 3.71553 0.41134
L_427.bmp 427 4.50004 1.6809
L_430.bmp 430 5.00406 3.8896
L_434.bmp 434 7.38369 5.9095
L_440.bmp 440 7.35112 8.3941
L_451.bmp 451 7.00479 10.224
L_454.bmp 454 10.0513 12.252
L_457.bmp 457 13.3595 14.112
L_465.bmp 465 12.6112 15.987
L_478.bmp 478 15.9185 18.21
L_480.bmp 480 21.8065 19.841
L_482.bmp 482 25.4907 21.956
L_484.bmp 484 24.9786 23.663
L_488.bmp 488 30.4224 28.014
L_490.bmp 490 36.7106 29.983
L_492.bmp 492 38.4902 32.399
L_495.bmp 495 38.5227 34.196
L_505.bmp 505 39.194 36.125
L_506.bmp 506 38.6888 37.559
L_508.bmp 508 40.125 39.786
L_510.bmp 510 40.9711 42.022
L_512.bmp 512 43.8141 44.405
L_513.bmp 513 44.3765 45.597
L_517.bmp 517 46.0662 50.222
L_518.bmp 518 47.0428 51.621
L_522.bmp 522 53.8204 54.173
L_524.bmp 524 56.2962 55.796
L_530.bmp 530 57.496 57.845
L_533.bmp 533 62.2764 60.196
L_535.bmp 535 64.3921 61.772
L_538.bmp 538 65.9388 63.866
L_541.bmp 541 66.9884 65.979
L_544.bmp 544 67.9654 68.111
L_557.bmp 557 72.1252 69.661
L_560.bmp 560 73.5922 72.34
L_561.bmp 561 73.2538 73.692
L_564.bmp 564 75.1716 75.756
L_566.bmp 566 74.8292 77.729
L_569.bmp 569 77.7529 79.752
L_572.bmp 572 78.1214 82.035
L_574.bmp 574 79.3173 83.887
