-66.8821
-64.8748
-66.2668
-63.0382
-60.2215
-56.9552
-54.5223
-54.5626
-52.002
-51.7359
-45.9545
-41.8231
-42.0101
-40.604
-38.6735
-36.6318
-36.1254
-26.8496
-27.4882
-21.1136
-21.3746
-21.7689
-15.4211
-13.6621
-12.7481
-11.4071
-6.81704
-4.33008
-5.65988
-1.1943
-0.0775364
2.00844
3.00649
5.3966
5.17933
7.01902
10.3159
13.5192
14.5325
16.7844
18.9511
30.6017
31.2558
24.6485
34.9418
30.4141
35.0558
36.2745
35.2733
37.3697
38.3842
38.7849
43.0316
43.4211
46.4746
54.4069
48.8704
54.8508
59.7986
64.9429
61.5096
61.6553
69.0981
70.6779
71.0255
71.9519
74.2332
70.7207
73.2216
75.6588
75.9554
-82.8951
-81.4851
-65.5449
-81.7503
-81.9658
-81.7567
-77.6407
-74.8316
-71.9532
-66.9245
-68.0308
-65.6234
-66.772
-63.7556
-65.0138
-66.0608
-64.0944
-62.4506
-59.2928
-58.7197
-57.7642
-54.3194
-52.5078
-47.6534
-43.1323
-38.8589
-38.7534
-36.665
-33.5423
-33.1
-30.6527
-26.0097
-25.7617
-22.0389
-22.1405
-20.5045
-14.157
-13.8303
-11.5989
-6.4257
-6.57282
-3.56859
-5.28005
-5.07434
-1.98573
1.72711
5.73796
6.7367
9.39925
12.655
13.3276
14.494
14.9176
17.659
19.4511
21.1284
23.0269
23.9331
29.8938
33.3545
32.2481
43.1572
43.671
46.2536
45.9933
45.3188
42.0891
43.7614
44.613
42.8671
43.8592
45.0404
45.4758
44.5529
46.7607
45.7311
49.8254
50.7897
49.7649
56.9526
66.4537
72.8657
76.2727
64.0033
79.7984
81.6606
82.1658
82.6794
-77.519
-76.9235
-77.5255
-66.6093
-71.5627
-67.6275
-67.1756
-66.0478
-64.6886
-64.9052
-59.554
-59.1071
-62.1375
-60.2418
-57.1474
-48.0736
-45.2273
-43.891
-41.3772
-41.487
-36.7819
-31.1716
-27.591
-27.7014
-16.5645
-14.2097
-12.4086
-12.6347
-9.0342
-7.89003
-4.28728
-4.66828
-6.01465
-2.02481
0.659178
3.37681
5.18142
5.30394
9.5822
9.2554
11.3556
12.9788
15.5899
15.3619
15.9571
14.1735
15.808
19.1277
20.8931
23.0772
34.8748
37.0157
36.7347
38.4333
40.5125
41.0155
44.1282
41.8351
45.3954
52.4378
58.4817
62.3346
61.8169
62.8232
64.2283
67.0684
70.1482
75.4308
75.8789
77.5489
69.7812
66.7032
74.8981
-53.8736
-65.5577
-67.7232
-65.891
-64.366
-62.324
-56.8604
-50.4976
-41.717
-38.5421
-35.8408
-29.1934
-25.5908
-16.6753
-15.2853
-15.0431
-4.27231
-3.80965
0.0324174
3.06873
12.3873
14.1382
15.2842
18.3351
17.017
19.8845
23.1848
27.5854
38.5078
44.8848
45.0293
55.1871
59.5763
65.1126
63.4744
67.5002
68.0337
69.4262
69.1541
70.5444
71.5332
73.7994
-78.3143
-76.7049
-76.4416
-76.5438
-76.3896
-70.2937
-71.2572
-69.3668
-64.6688
-67.3591
-61.8013
-63.415
-54.5655
-53.7737
-51.5294
-47.2595
-35.6927
-34.9191
-33.7553
-34.4777
-31.6281
-27.4524
-28.9032
-21.3167
-22.0347
-15.1843
-12.4496
-5.86346
-5.33233
-6.77368
-2.75824
-2.36831
-0.887678
2.91258
3.74129
13.5852
15.7889
17.811
21.8012
22.5819
21.8683
23.2876
28.0176
34.5626
37.7813
38.8658
42.155
41.7192
43.4347
62.7811
65.7313
71.4048
68.3545
73.6535
73.4405
79.7
71.9067
64.9369
60.5127
82.004
25.7301
-70.5582
-69.304
-66.4638
-69.2714
-64.1607
-63.8893
-65.1358
-62.3495
-61.7786
-60.5806
-60.267
-54.7583
-45.5462
-46.421
-46.1096
-40.9089
-42.2025
-37.7589
-34.6432
-23.0789
-19.0263
-16.2758
-14.4845
-13.5911
-10.9425
-9.95568
-6.40508
-4.58614
-4.10564
-3.63942
-1.92915
-0.703145
1.81636
2.41988
4.83333
6.12458
8.12651
11.2223
15.2063
17.4573
17.4715
18.5764
18.8855
20.0463
26.5212
26.7003
39.2085
41.0002
43.4489
44.2382
47.4207
58.7862
63.874
64.3656
68.4091
68.8996
67.1854
66.8365
69.7326
71.8401
-68.7594
-75.0735
-69.5325
-69.2972
-68.3945
-66.9303
-66.8893
-63.9412
-63.3395
-52.6901
-51.0909
-47.2695
-46.4844
-43.2696
-39.8196
-26.5448
-16.9285
-11.2095
-4.26854
-0.864339
-1.46173
5.11531
9.07419
7.98123
10.4849
15.2633
25.1623
33.8378
36.3408
38.4487
38.5092
43.0095
44.1945
47.0079
47.5842
54.3086
59.9477
58.9974
67.1599
72.2074
71.9368
78.4101
76.4172
79.3505
81.1398
56.4722
72.1024
70.6402
66.7122
65.8294
63.609
57.5081
54.1319
40.6489
39.2167
37.9292
36.4962
21.7847
21.2313
19.3113
16.535
14.305
13.6145
11.4362
5.89416
4.56221
0.733403
0.588256
-2.04176
-5.66134
-7.01397
-7.51941
-9.67684
-11.8388
-11.1647
-13.5248
-16.9217
-16.9922
-27.8972
-30.105
-42.2631
-52.2476
-49.7534
-56.2478
-52.4843
-83.2705
-83.3823
-84.0687
-83.1127
-83.6109
-79.599
-77.728
-74.7789
-74.5046
-74.2069
-76.453
-71.8945
-68.0946
-66.8845
-64.7236
-63.0797
-55.0649
-53.5673
-42.2567
-10.3987
-11.0535
-7.40735
-4.84727
-3.5283
0.0730573
0.357831
9.17722
7.04063
13.9336
17.8752
19.118
24.9149
30.5186
35.0853
37.6554
36.8211
39.1544
41.0858
40.2611
47.7026
47.776
54.7483
53.2032
67.7123
74.6252
76.9051
79.8826
79.2176
72.9789
64.9079
27.7928
81.4358
81.1511
71.042
67.9277
71.3651
67.7029
61.818
61.4585
59.6894
55.4645
52.0095
49.5544
44.2481
41.7101
42.2459
39.1616
39.4736
38.2434
36.0374
27.5987
24.8797
23.3407
20.2116
18.5678
17.5214
17.1492
12.226
10.2448
5.66316
5.80928
5.37433
2.93686
0.77851
-4.79198
-7.19662
-6.80215
-10.0766
-10.578
-14.3866
-21.0603
-18.1766
-20.7233
-32.0085
-32.8029
-33.4191
-35.9416
-37.4564
-38.4601
-41.8917
-54.4264
-55.7744
-57.8549
-60.609
-61.6263
-61.5874
-63.8927
-68.0528
-65.914
-70.4018
-69.9854
-73.7726
-74.1885
79.0597
73.6871
77.0285
72.2489
70.9457
72.8567
73.4208
75.1117
72.7648
71.9234
73.6959
68.8561
66.6992
67.3773
66.4171
56.0267
42.3815
42.8923
45.847
45.2813
43.9977
40.06
41.0415
39.4722
38.589
35.9451
31.302
26.3848
19.7686
19.0731
10.3044
6.35389
3.57274
4.07111
2.16296
-2.50165
-6.22116
-4.58898
-9.1866
-10.3962
-12.6894
-14.1019
-16.0576
-17.6332
-28.8355
-28.3183
-28.395
-34.0614
-36.6355
-38.7921
-38.436
-39.2256
-41.2797
-41.6893
-44.1795
-48.8323
-58.4891
-58.8924
-63.3848
-63.2177
-61.7394
-65.7421
-66.0414
-66.8271
-70.9629
-70.3185
-73.4992
-73.2374
-76.618
-76.4415
-75.9989
-77.4149
82.4565
77.4568
79.054
78.3104
79.34
79.1416
74.8755
72.2428
65.5233
66.8766
68.2224
62.8725
59.8557
58.265
55.2412
51.363
49.6805
46.7774
43.9687
40.1385
38.567
30.0945
24.5252
22.8569
22.1062
21.9562
21.321
19.5336
19.6325
15.5917
11.8623
11.5845
8.70063
8.44942
6.16047
5.51694
3.33387
0.949611
-4.07801
-1.75566
-2.31714
-4.31773
-5.69208
-7.53592
-6.85152
-12.014
-13.3171
-14.8143
-19.5908
-20.397
-27.4274
-29.0935
-31.3688
-34.0615
-35.3305
-39.1388
-42.1775
-47.7672
-48.3736
-50.705
-61.1777
-55.9455
-60.1997
-56.2614
-56.8858
-60.2177
-62.8284
-66.8868
-68.4967
-70.6792
-76.0108
-77.428
78.0887
76.4892
76.333
74.1029
72.1534
69.1792
66.0109
69.5158
59.5571
59.4107
58.3702
39.2912
49.0261
42.7483
41.6541
44.2419
41.8246
40.2462
39.1391
40.7996
40.306
38.1906
37.0287
38.0106
25.293
29.434
19.7936
7.77337
2.04656
-2.12454
-6.81043
-10.6813
-11.8262
-15.8225
-27.6711
-28.0972
-34.6741
-34.5427
-35.7965
-42.9588
-41.9863
-43.3189
-43.656
-44.2927
-49.1185
-50.4464
-54.3793
-61.9365
-67.7316
-64.856
-69.0686
-68.6203
-73.5187
-75.1854
-78.1129
-77.1291
-77.8507
-80.1076
79.5804
74.84
63.0976
70.2803
72.5673
69.4414
65.4546
66.0474
65.8922
68.833
66.8841
60.9532
62.9482
64.0978
55.8062
55.5962
51.6236
46.4781
41.1472
40.57
38.7933
37.2241
37.4134
36.3104
35.6622
29.3926
29.3333
21.9713
22.096
20.3103
19.1725
18.2438
16.1379
16.0417
11.5812
10.4388
8.08089
6.37081
5.06928
4.59931
2.27411
-0.769853
-1.82388
-1.20049
-2.52683
-4.19696
-3.70469
-6.40363
-5.56865
-6.13354
-8.09676
-8.11414
-11.8441
-11.5119
-11.5465
-24.0166
-18.3298
-29.0347
-30.9474
-32.3899
-35.0437
-37.9123
-38.6297
-41.5662
-44.5689
-44.5484
-48.9601
-50.9067
-53.7723
-55.5132
-57.7809
-57.3211
-58.5882
-65.1663
-70.8213
-66.7566
-67.2613
-72.9967
-77.9706
-81.6081
-80.4203
-81.4696
-82.2056
-82.6213
-81.3156
-83.1148
-81.2707
-81.0723
-76.3875
-79.0034
-72.3067
-69.9946
-69.4761
-67.1834
-55.9821
-57.0343
-58.8386
-57.5821
-52.945
-36.3538
-48.3605
-44.3503
-45.0591
-41.7584
-36.2584
-35.9644
-30.4244
-31.6671
-23.8032
-27.3623
-20.5285
-16.7984
-14.3213
-13.7619
-13.9196
-8.99299
-9.46669
-8.00587
-6.68663
-3.82335
0.114624
-0.831274
0.529068
3.56604
4.63589
10.0767
15.3692
16.2001
17.2037
17.7177
18.2841
21.4627
35.5413
23.7381
36.154
37.5978
37.5038
36.8939
41.167
41.6004
42.5641
44.2142
46.3695
48.5686
50.7033
52.8286
56.9658
56.336
58.1766
60.4752
59.6022
62.8359
66.6935
69.2083
70.7463
72.049
69.4099
73.1768
66.6373
71.9498
76.5418
73.593
-81.9412
-79.7408
-78.5145
-78.2258
-78.79
-73.6619
-76.4377
-73.022
-69.2318
-67.4955
-64.8579
-63.3092
-63.9275
-59.6467
-55.2747
-53.5644
-52.4809
-49.1671
-43.0172
-40.7435
-38.5331
-34.9185
-31.153
-31.933
-30.3316
-27.6062
-20.9592
-17.419
-17.6185
-16.1092
-15.5499
-14.7307
-12.1422
-10.8546
-10.857
-8.67563
-7.22695
-6.02722
-4.97621
-2.61285
-1.95485
0.775486
3.5056
4.70495
5.28026
6.88604
7.93948
10.7304
12.5289
14.7142
16.1287
16.829
17.7215
19.0668
20.396
22.3812
22.158
24.319
32.933
35.5579
36.4933
37.0786
38.5992
39.2629
40.0344
40.1843
45.1679
47.5119
51.0644
53.3483
53.5823
54.1479
54.0842
65.1674
66.8569
71.8703
71.389
73.6072
64.9816
74.6912
75.8792
76.9249
77.795
79.5725
78.7375
-81.4937
-81.4071
-80.5669
-79.3668
-77.932
-78.7712
-76.4328
-74.7513
-73.2558
-68.5284
-67.0358
-65.4259
-64.5312
-63.3664
-60.4122
-61.2753
-59.1684
-58.7889
-54.737
-53.9616
-49.2891
-45.8563
-44.8929
-41.9547
-40.3624
-40.6122
-37.775
-36.21
-34.6308
-34.8131
-31.9566
-30.7977
-24.4303
-29.8021
-18.0389
-15.7046
-12.6105
-11.3344
-9.55986
-9.17169
-6.62325
-5.23834
-6.6016
1.6214
4.69976
7.392
6.91515
10.4679
12.8291
15.06
16.8569
18.6864
19.9689
30.1395
26.6488
32.9533
34.0653
35.1847
36.1686
36.8948
37.2927
38.5206
39.1139
40.4543
40.9291
42.1041
43.5413
48.4525
46.5804
54.3812
53.2492
56.9932
58.586
63.2212
68.4626
68.804
69.0881
75.2674
76.5493
78.0405
78.638
76.1486
79.8811
80.9062
-80.8527
-82.2645
-83.5857
-78.6915
-74.9958
-69.6918
-66.6143
-66.5894
-65.152
-64.9598
-61.7085
-62.2969
-62.495
-61.9732
-61.7154
-51.9014
-53.3329
-48.2669
-45.9279
-43.0744
-42.1029
-40.4488
-37.9057
-38.3023
-31.6561
-29.7476
-28.3143
-18.6229
-17.1415
-15.83
-11.5314
-10.0659
-9.3983
-7.76421
-4.8543
-4.6813
-3.54786
0.947874
-0.789281
5.18397
5.23378
7.92324
10.1959
15.9077
17.821
19.4513
19.8686
20.7842
21.3452
23.0557
31.0768
31.1678
31.4442
35.6162
34.9403
36.2077
35.7985
36.3749
36.5156
37.1537
42.0008
40.0664
46.0879
43.5443
48.3796
52.2699
62.4649
57.9148
59.638
61.9216
67.0274
68.3102
70.7647
70.0437
70.0236
73.2983
75.0569
81.0082
80.9837
-78.9922
-80.9304
-79.0427
-80.1019
-75.9068
-75.912
-75.9352
-72.3426
-74.3227
-76.6403
-74.3316
-68.6137
-66.9884
-63.1906
-65.0616
-61.2585
-60.6455
-57.2963
-51.9527
-47.3145
-46.8509
-43.0145
-39.5029
-39.3088
-39.4212
-37.5281
-34.9639
-30.2328
-28.504
-24.3811
-24.3802
-18.0427
-15.4231
-16.7922
-13.6758
-11.8163
-10.4299
-8.82067
-9.11736
-6.97732
-5.01498
-2.94625
2.65194
0.755496
5.88814
9.29937
12.1112
14.0398
17.2095
16.9886
19.2403
21.4082
22.3944
22.9588
25.6685
27.4311
34.2675
34.8188
36.3024
39.7564
41.4866
47.1608
45.0495
49.364
53.5044
57.9793
60.8123
61.4424
67.8127
71.4043
70.0385
73.2204
75.5783
76.1287
79.2742
80.777
77.9953
82.4829
83.2454
84.5029
80.3295
81.9379
84.1179
82.6436
83.6628
81.3686
-82.5807
-82.7362
-82.1696
-81.517
-78.7146
-72.238
-74.6081
-74.647
-70.3827
-72.0224
-67.6975
-68.4686
-64.6393
-65.3819
-65.1684
-61.667
-59.4921
-55.2646
-53.6212
-51.2217
-48.2383
-49.1114
-48.0409
-47.5077
-44.501
-43.1324
-41.5535
-40.8123
-31.5341
-25.0637
-29.0973
-25.032
-19.8261
-15.7924
-13.5127
-12.5571
-9.67441
-9.43928
-6.40436
-4.64062
-2.15889
-0.333911
0.835756
2.33912
4.29576
6.01171
6.35223
14.7324
16.6307
15.8344
17.3341
17.5934
19.6759
20.9712
20.5654
25.3237
26.6779
34.9442
34.8425
35.6127
36.3296
37.6405
37.4842
38.7664
42.4604
44.6473
50.3826
52.2837
51.9153
62.2624
61.3021
64.8251
69.3615
67.4503
70.1503
70.5317
76.0018
79.3059
82.6202
81.9248
-70.2853
-77.6272
-69.5702
-62.0305
-66.9394
-66.9934
-59.2535
-63.104
-64.0791
-64.1881
-55.5772
-60.702
-57.1953
-57.8384
-54.5983
-51.0468
-45.4783
-41.5144
-42.0642
-39.6617
-37.577
-35.0826
-29.8121
-32.5312
-28.0178
-27.7263
-24.346
-21.419
-17.5806
-17.1915
-13.5198
-10.6974
-8.65753
-11.2721
-8.73064
-7.29835
-7.32826
-2.2
3.16791
1.1498
6.67966
10.1407
10.5521
13.378
14.1968
16.3212
24.8216
24.3349
22.0552
29.6588
30.8034
34.3929
33.6627
35.0204
36.2055
36.7158
37.6748
38.2026
39.262
41.3649
41.1581
46.5045
53.8128
58.3278
59.4142
64.3437
62.3705
64.8752
65.3081
68.9798
64.509
73.0889
65.9871
74.8995
73.5068
72.0361
71.0188
80.6476
81.848
78.6218
79.3628
-74.604
-73.456
-75.217
-71.4211
-67.4629
-65.8835
-65.7888
-64.816
-66.3179
-63.1094
-59.299
-58.9287
-60.0665
-56.3742
-51.3784
-49.1502
-48.573
-41.6805
-33.9812
-33.605
-31.4605
-31.3888
-26.6066
-24.3753
-25.3849
-26.2101
-20.2615
-17.9429
-17.2301
-15.6417
-13.0653
-9.98441
-6.17739
-2.23856
-0.551888
1.42197
1.98994
8.19128
11.4835
17.1258
18.4231
18.9182
25.0673
22.372
23.3794
24.3174
31.091
30.8857
37.639
37.7763
38.7827
40.4469
39.2161
41.3987
45.8834
48.3925
54.2391
54.6185
57.7947
57.8493
56.7643
60.2815
57.3742
58.9384
59.3513
67.8316
69.5238
68.6327
70.218
78.1317
76.0135
71.4904
-58.9801
-57.4922
-52.6462
-58.0326
-56.1806
-57.7101
-56.2219
-56.6824
-55.889
-53.5928
-53.8787
-50.6944
-52.6622
-47.7299
-47.2201
-45.3503
-42.2433
-41.2457
-39.3151
-37.5762
-35.6824
-35.3821
-29.8164
-26.7647
-27.5534
-26.7663
-26.8339
-22.4754
-17.747
-16.9196
-13.2174
-11.877
-10.6103
-8.34636
-7.60069
-5.67146
-5.03643
-5.06678
-3.96026
-1.16313
3.81193
4.08796
5.1435
7.56877
12.3588
12.624
14.9833
17.83
17.9598
19.0533
19.6513
19.591
20.0493
29.1683
28.0896
29.3936
36.1922
34.8797
37.4934
37.2058
36.4586
38.5474
39.6582
36.9829
41.4446
44.1753
45.8282
41.4751
50.2171
52.9521
55.1339
56.1308
61.7952
63.0665
63.7003
63.3201
68.5649
71.1631
68.9942
69.6716
72.9822
-67.0882
-68.6274
-65.0061
-63.7859
-64.6636
-63.4221
-59.2343
-61.6703
-59.9999
-58.9932
-53.2264
-53.9616
-48.7557
-45.5719
-46.0214
-42.8737
-41.1954
-39.4343
-38.7065
-36.643
-35.3477
-34.2045
-34.5624
-32.4328
-31.7937
-31.7622
-28.2661
-25.2021
-19.902
-20.4725
-15.4489
-13.2696
-9.48352
-9.07976
-8.54967
-4.18176
-4.90803
-2.96939
0.0858622
0.963088
3.46666
5.08863
7.07623
11.0179
13.1333
17.2179
19.5906
26.0318
23.276
22.4046
29.8533
34.7877
33.4991
36.8432
35.7776
38.0194
39.8914
38.5778
38.7597
43.633
44.5806
44.3002
43.5518
46.8589
49.5114
53.6766
58.5686
60.4808
68.3118
71.9251
69.3012
74.3519
72.967
76.3332
78.2241
75.9157
80.9818
77.8216
70.2099
82.3599
78.1741
-75.8089
-76.8593
-77.293
-82.2491
-72.9075
-81.4687
-79.7754
-71.3363
-71.271
-69.7947
-67.7653
-65.6631
-61.4285
-64.4096
-63.1339
-61.4196
-57.4232
-56.4297
-55.7392
-50.5292
-47.2714
-42.0798
-41.5135
-36.4973
-36.1043
-32.3717
-30.675
-31.6333
-29.9995
-28.6074
-25.6168
-26.0176
-20.3032
-17.845
-16.0991
-14.8674
-14.3341
-12.4502
-9.84397
-7.91911
-6.24753
-4.04583
-0.788042
-2.49919
0.700238
4.09598
3.02384
5.92876
8.19168
10.6397
15.8528
17.0598
19.4246
19.8746
21.8016
22.9029
23.8929
24.8539
28.4907
26.8518
33.026
35.4696
37.3331
41.9252
38.7488
43.1669
46.1806
46.1773
48.0099
52.7308
50.2293
56.9154
60.2023
62.2374
65.1351
64.1509
66.7353
67.076
68.0919
70.1527
69.0018
69.4342
72.1706
73.7872
76.4294
78.6762
81.3958
71.8247
-82.2424
-78.8523
-75.0652
-75.0811
-80.6998
-78.8456
-76.9134
-74.289
-74.2234
-71.4926
-73.4011
-69.2518
-67.7759
-65.7417
-64.3091
-62.435
-59.0534
-61.2967
-57.0271
-54.137
-50.067
-46.9334
-43.8068
-39.8581
-37.8949
-33.0508
-30.2053
-30.2163
-25.9475
-24.7022
-21.6876
-18.0865
-17.5232
-16.4075
-15.248
-14.1926
-12.4131
-9.03638
-6.86587
-7.46734
-4.34448
-4.25867
-1.05445
1.16639
5.19776
4.98418
6.96953
11.8251
14.6442
14.3853
17.6961
19.2219
20.0406
20.7223
28.8905
24.1094
29.2293
31.6946
37.3341
39.7642
42.014
40.8552
42.5632
43.1747
47.6906
54.0432
56.8775
57.7122
65.5451
69.4117
69.934
71.7679
73.4696
78.1745
75.8994
77.8693
78.5752
80.3106
80.4971
79.3336
81.7595
82.7817
82.4148
84.2785
80.9983
86.9795
86.13
-81.0712
-78.7817
-75.8976
-78.3081
-76.6453
-71.9344
-71.9172
-70.576
-71.7593
-73.8376
-68.1765
-66.168
-63.5912
-68.2074
-62.9403
-57.8673
-60.7344
-57.2632
-55.2968
-50.5876
-47.5141
-45.4324
-42.5297
-35.6874
-31.3302
-30.6791
-30.6286
-27.998
-22.423
-18.9506
-19.2502
-13.2666
-9.18279
-10.229
-9.20236
-7.5929
-1.97362
-4.52062
-0.986934
2.50604
3.53788
4.65933
4.78262
6.58514
8.23617
10.9493
12.6516
14.3115
14.7697
15.1015
17.322
21.6805
22.3735
26.5458
26.1058
34.3351
33.8067
35.4627
37.0407
37.6309
38.4505
39.5521
40.8275
39.4014
42.5003
44.6897
49.2246
48.5206
54.6413
54.1449
65.3648
60.0999
63.6791
67.9015
69.2007
70.8076
69.5454
71.2615
74.0898
66.2228
-75.9451
-75.7363
-74.0277
-75.3584
-75.5834
-75.5606
-70.2471
-70.6742
-67.399
-67.4023
-63.7392
-63.1887
-60.2713
-55.4525
-49.8185
-50.6255
-45.8766
-42.2704
-38.817
-37.525
-34.5054
-33.3733
-35.6659
-31.0231
-27.8353
-26.1561
-26.2284
-22.8175
-15.8399
-15.2788
-12.2386
-11.9241
-9.46488
-7.45164
-5.85198
-5.45429
-5.22111
-3.13131
-1.03347
3.66439
4.94915
6.01352
6.08903
7.77799
8.79019
8.46401
10.7776
10.9812
12.4562
15.5323
22.1246
26.8443
28.0807
33.8608
35.9392
36.4386
37.4795
37.8759
39.9085
40.4355
38.6869
43.0728
51.5063
52.5321
53.28
61.3012
60.9276
64.2811
64.9178
66.5957
68.4408
69.0971
71.324
73.0353
74.5481
74.0599
75.782
77.7625
79.2972
81.0236
