L_320.bmp 320 -69.0141 -76.018 7.00392
L_323.bmp 323 -62.416 -72.173 9.75698
L_325.bmp 325 -66.1103 -70.375 4.26468
L_327.bmp 327 -65.7665 -68.324 2.55753
L_329.bmp 329 -63.201 -66.225 3.02404
L_334.bmp 334 -58.0272 -58.068 0.0408096
L_337.bmp 337 -57.7287 -55.763 1.96567
L_338.bmp 338 -55.8943 -53.553 2.34126
L_341.bmp 341 -46.3848 -47.87 1.48517
L_343.bmp 343 -46.2552 -45.892 0.363178
L_346.bmp 346 -41.0194 -43.975 2.9556
L_354.bmp 354 -38.0832 -40.066 1.98284
L_357.bmp 357 -38.0215 -37.966 0.0554504
L_360.bmp 360 -37.0194 -35.997 1.02244
L_362.bmp 362 -36.6863 -34.194 2.49228
L_365.bmp 365 -34.2102 -31.883 2.32719
L_369.bmp 369 -33.191 -30.12 3.07104
L_372.bmp 372 -30.452 -28.087 2.36503
L_374.bmp 374 -30.9263 -26.278 4.64835
L_377.bmp 377 -27.084 -23.712 3.37202
L_380.bmp 380 -26.6496 -21.706 4.94363
L_383.bmp 383 -28.6849 -19.696 8.9889
L_385.bmp 385 -19.8803 -18.189 1.69126
L_388.bmp 388 -12.3734 -15.952 3.57858
L_391.bmp 391 -11.1149 -13.688 2.57311
L_394.bmp 394 -11.5489 -12.021 0.472071
L_403.bmp 403 -7.26099 -10.042 2.78101
L_412.bmp 412 -4.20476 -8.1968 3.99204
L_415.bmp 415 -4.04891 -6.2069 2.15799
L_417.bmp 417 -0.787642 -4.336 3.54836
L_419.bmp 419 0.636007 -1.8042 2.44021
L_421.bmp 421 2.14386 0.1571 1.98676
L_426.bmp 426 4.61203 2.1578 2.45423
L_429.bmp 429 8.48333 4.4562 4.02713
L_430.bmp 430 9.17138 5.5488 3.62258
L_433.bmp 433 11.3284 8.024 3.30442
L_437.bmp 437 11.9616 10.454 1.50756
L_439.bmp 439 14.7397 12.277 2.46275
L_441.bmp 441 20.1954 13.653 6.54241
L_444.bmp 444 20.3967 20.207 0.189732
L_446.bmp 446 28.3665 22.187 6.17952
L_448.bmp 448 29.4278 23.891 5.53679
L_450.bmp 450 28.5076 26.102 2.4056
L_452.bmp 452 24.8861 28.089 3.20292
L_456.bmp 456 35.4692 29.833 5.63617
L_458.bmp 458 35.7555 32.196 3.55954
L_460.bmp 460 37.1766 34.056 3.12055
L_464.bmp 464 37.5583 35.831 1.72727
L_466.bmp 466 37.8972 37.66 0.237202
L_469.bmp 469 38.6909 40.093 1.40206
L_471.bmp 471 39.0856 41.913 2.82744
L_473.bmp 473 39.7348 44.104 4.36923
L_477.bmp 477 42.6145 49.938 7.32354
L_479.bmp 479 49.4474 52.092 2.64457
L_480.bmp 480 46.9542 53.722 6.76776
L_482.bmp 482 52.6719 56.422 3.75008
L_484.bmp 484 49.3439 58.459 9.11506
L_486.bmp 486 62.1864 59.685 2.50144
L_490.bmp 490 65.5006 63.606 1.89457
L_492.bmp 492 61.6027 65.87 4.26731
L_494.bmp 494 66.3867 67.898 1.51127
L_496.bmp 496 65.8991 69.985 4.08591
L_499.bmp 499 65.1013 74.009 8.90775
L_501.bmp 501 68.9235 76.229 7.30548
L_503.bmp 503 69.1303 78.348 9.21767
L_505.bmp 505 72.2274 80.261 8.0336
L_508.bmp 508 75.2828 82.047 6.76424
L_512.bmp 512 73.8859 83.863 9.9771
L_515.bmp 515 73.3175 85.863 12.5455
L_518.bmp 518 71.6393 87.929 16.2897
L_527.bmp 527 75.7212 89.882 14.1608
L_419.bmp 419 -82.6379 -90.408 7.7701
L_422.bmp 422 -83.4965 -87.658 4.16148
L_424.bmp 424 -71.3427 -85.656 14.3133
L_427.bmp 427 -81.2105 -83.924 2.71352
L_432.bmp 432 -80.7575 -81.891 1.13349
L_433.bmp 433 -80.9843 -80.434 0.550308
L_435.bmp 435 -74.8029 -77.613 2.81013
L_438.bmp 438 -75.8332 -72.354 3.47924
L_441.bmp 441 -69.3978 -69.936 0.5382
L_444.bmp 444 -67.5855 -67.824 0.238457
L_451.bmp 451 -65.8273 -66.076 0.248741
L_456.bmp 456 -63.1925 -63.643 0.450516
L_461.bmp 461 -62.5368 -61.904 0.63282
L_465.bmp 465 -60.475 -60.235 0.240005
L_470.bmp 470 -62.2444 -57.927 4.3174
L_472.bmp 472 -64.0206 -56.161 7.85963
L_476.bmp 476 -60.2331 -54.064 6.16915
L_479.bmp 479 -59.8392 -52.083 7.7562
L_483.bmp 483 -55.7069 -50.239 5.46785
L_486.bmp 486 -54.4086 -47.775 6.63359
L_488.bmp 488 -51.071 -46.244 4.82696
L_492.bmp 492 -48.7919 -43.67 5.12191
L_496.bmp 496 -45.5023 -41.804 3.69829
L_500.bmp 500 -43.5619 -39.891 3.67092
L_503.bmp 503 -38.2884 -38.243 0.045372
L_507.bmp 507 -38.2032 -35.749 2.45424
L_509.bmp 509 -37.2429 -34.46 2.78289
L_512.bmp 512 -35.779 -32.049 3.72998
L_517.bmp 517 -33.8912 -29.601 4.29018
L_519.bmp 519 -33.9799 -28.06 5.91987
L_521.bmp 521 -33.2561 -26.232 7.02414
L_524.bmp 524 -28.9153 -24.209 4.70633
L_527.bmp 527 -28.8333 -22.131 6.70226
L_531.bmp 531 -27.5603 -20.307 7.25328
L_534.bmp 534 -24.2564 -17.584 6.67241
L_537.bmp 537 -26.6513 -15.848 10.8033
L_541.bmp 541 -19.6102 -13.939 5.67118
L_548.bmp 548 -21.724 -11.975 9.74903
L_554.bmp 554 -13.7557 -10.023 3.73271
L_561.bmp 561 -10.0201 -8.0347 1.98543
L_566.bmp 566 -7.0698 -5.9982 1.0716
L_577.bmp 577 -0.60502 -4.3731 3.76808
L_600.bmp 600 -3.17678 -1.7557 1.42108
L_604.bmp 604 -0.856449 0.037478 0.893927
L_607.bmp 607 3.0031 1.9532 1.0499
L_611.bmp 611 3.41755 3.9806 0.563046
L_613.bmp 613 6.67065 6.14 0.530654
L_615.bmp 615 7.50577 8.1585 0.652728
L_617.bmp 617 13.1519 9.8924 3.25949
L_619.bmp 619 14.3578 11.794 2.56377
L_624.bmp 624 16.3071 14.138 2.16913
L_627.bmp 627 17.228 16.077 1.15097
L_630.bmp 630 17.772 17.773 0.00102806
L_633.bmp 633 19.5687 19.897 0.328316
L_635.bmp 635 23.5076 21.709 1.79865
L_639.bmp 639 23.5472 23.894 0.346779
L_642.bmp 642 25.6029 26.28 0.677149
L_644.bmp 644 24.9833 27.799 2.81568
L_647.bmp 647 28.5124 29.973 1.46059
L_651.bmp 651 30.3684 32.056 1.68761
L_654.bmp 654 30.3337 34.154 3.82032
L_658.bmp 658 39.1471 35.854 3.29314
L_663.bmp 663 41.7149 37.971 3.74392
L_667.bmp 667 41.2485 39.672 1.57655
L_670.bmp 670 44.651 41.956 2.69495
L_682.bmp 682 42.9496 43.92 0.970398
L_703.bmp 703 44.1727 46.383 2.21027
L_705.bmp 705 43.1064 47.736 4.62961
L_708.bmp 708 45.4385 49.925 4.48648
L_710.bmp 710 45.9696 51.777 5.80742
L_715.bmp 715 47.4591 54.037 6.57787
L_720.bmp 720 48.2141 56.128 7.91388
L_724.bmp 724 46.0737 57.98 11.9063
L_730.bmp 730 47.0579 60.028 12.9701
L_734.bmp 734 51.1283 62.172 11.0437
L_738.bmp 738 52.4582 63.952 11.4938
L_744.bmp 744 53.6572 65.988 12.3308
L_750.bmp 750 55.6816 68.036 12.3544
L_755.bmp 755 56.777 69.845 13.068
L_759.bmp 759 59.0051 71.821 12.8159
L_768.bmp 768 69.8152 73.903 4.08783
L_772.bmp 772 76.3198 75.872 0.447792
L_776.bmp 776 79.6955 78.312 1.38348
L_778.bmp 778 76.3261 80.24 3.91386
L_783.bmp 783 80.0577 82.173 2.11534
L_786.bmp 786 83.2262 83.93 0.703804
L_789.bmp 789 83.6659 85.996 2.33009
L_792.bmp 792 84.2244 87.775 3.55057
L_252.bmp 252 -80.0832 -89.677 9.59377
L_258.bmp 258 -76.2624 -83.865 7.60262
L_260.bmp 260 -76.1016 -81.908 5.80643
L_262.bmp 262 -73.1733 -77.985 4.81165
L_264.bmp 264 -69.4666 -75.724 6.25736
L_267.bmp 267 -64.2229 -73.773 9.55006
L_270.bmp 270 -65.5949 -72.169 6.57405
L_272.bmp 272 -64.2921 -70.133 5.84089
L_276.bmp 276 -63.0062 -66.076 3.06977
L_278.bmp 278 -61.553 -63.909 2.35599
L_280.bmp 280 -61.0092 -61.795 0.785809
L_281.bmp 281 -60.6373 -60.401 0.236301
L_283.bmp 283 -55.598 -57.748 2.14999
L_284.bmp 284 -55.3895 -56.41 1.02054
L_287.bmp 287 -51.8613 -52.203 0.341732
L_289.bmp 289 -45.605 -49.793 4.18797
L_292.bmp 292 -40.7757 -43.705 2.92927
L_294.bmp 294 -40.3194 -41.598 1.27864
L_296.bmp 296 -37.5689 -39.587 2.01814
L_298.bmp 298 -38.7734 -37.809 0.964417
L_300.bmp 300 -35.3958 -35.733 0.337246
L_303.bmp 303 -31.3452 -31.926 0.58083
L_305.bmp 305 -31.7143 -29.535 2.17934
L_306.bmp 306 -29.285 -27.92 1.36499
L_309.bmp 309 -25.1608 -23.686 1.47482
L_311.bmp 311 -23.1676 -21.614 1.55362
L_313.bmp 313 -18.8669 -19.832 0.965109
L_315.bmp 315 -17.9195 -18.011 0.091547
L_318.bmp 318 -8.83412 -13.659 4.82488
L_319.bmp 319 -8.96967 -12.377 3.40733
L_322.bmp 322 -8.65953 -10.323 1.66347
L_324.bmp 324 -5.02468 -7.959 2.93432
L_326.bmp 326 -3.95081 -6.3251 2.37429
L_329.bmp 329 -1.43347 -3.6353 2.20183
L_331.bmp 331 1.44605 -2.1433 3.58935
L_333.bmp 333 3.96954 0.23137 3.73817
L_335.bmp 335 3.69232 2.148 1.54432
L_337.bmp 337 6.50734 3.7285 2.77884
L_340.bmp 340 8.64259 6.2613 2.38129
L_343.bmp 343 12.2688 8.2738 3.99499
L_345.bmp 345 11.1183 10.225 0.893298
L_347.bmp 347 15.5537 13.875 1.6787
L_350.bmp 350 16.1824 16.017 0.165403
L_352.bmp 352 19.4876 17.946 1.54156
L_354.bmp 354 18.6181 19.742 1.1239
L_356.bmp 356 19.8588 21.569 1.71017
L_359.bmp 359 24.7488 24.091 0.657841
L_361.bmp 361 24.8891 25.715 0.825935
L_363.bmp 363 30.3507 28.186 2.16467
L_368.bmp 368 32.0834 31.924 0.159447
L_370.bmp 370 35.3202 34.213 1.10723
L_372.bmp 372 36.797 35.843 0.954048
L_375.bmp 375 36.8451 37.635 0.789913
L_377.bmp 377 38.7417 41.507 2.76525
L_380.bmp 380 39.3183 44.163 4.84469
L_382.bmp 382 40.6096 45.795 5.18541
L_385.bmp 385 48.0855 49.877 1.79149
L_387.bmp 387 49.1862 51.926 2.73981
L_389.bmp 389 51.6555 53.578 1.92249
L_391.bmp 391 50.7429 56.063 5.32013
L_393.bmp 393 61.7599 58.016 3.74395
L_396.bmp 396 63.0681 61.896 1.17215
L_398.bmp 398 61.2635 63.785 2.52148
L_399.bmp 399 64.5631 65.889 1.3259
L_401.bmp 401 62.647 68.038 5.39103
L_405.bmp 405 65.8017 72.051 6.2493
L_407.bmp 407 69.6984 74.466 4.76757
L_410.bmp 410 71.1715 75.94 4.76851
L_413.bmp 413 70.3055 80.126 9.82051
L_414.bmp 414 71.7944 81.662 9.86755
L_416.bmp 416 70.4383 84.315 13.8767
L_417.bmp 417 66.3794 86.344 19.9646
L_419.bmp 419 74.4212 89.911 15.4898
L_152.bmp 152 -50.9945 -87.855 36.8605
L_155.bmp 155 -66.8779 -79.639 12.7611
L_156.bmp 156 -68.071 -76.103 8.03199
L_158.bmp 158 -63.7247 -70.459 6.73429
L_159.bmp 159 -64.2468 -67.717 3.47021
L_162.bmp 162 -61.3656 -59.587 1.77861
L_164.bmp 164 -58.5583 -54.103 4.45535
L_165.bmp 165 -50.9166 -51.793 0.876446
L_167.bmp 167 -46.7399 -46.065 0.674931
L_169.bmp 169 -42.4383 -40.3 2.13827
L_170.bmp 170 -41.3675 -38.338 3.02953
L_171.bmp 171 -33.1955 -35.894 2.6985
L_172.bmp 172 -26.9972 -33.686 6.68885
L_174.bmp 174 -17.9825 -29.794 11.8115
L_175.bmp 175 -15.5928 -27.702 12.1092
L_176.bmp 176 -15.1435 -25.742 10.5985
L_185.bmp 185 -6.68249 -7.67 0.987511
L_186.bmp 186 -4.61378 -6.06 1.44622
L_187.bmp 187 -3.1384 -4.0682 0.929797
L_188.bmp 188 1.25056 -1.6591 2.90966
L_192.bmp 192 14.213 7.8142 6.39878
L_193.bmp 193 14.8955 10.059 4.83649
L_194.bmp 194 17.2857 12.39 4.89574
L_196.bmp 196 18.2222 16.085 2.13723
L_197.bmp 197 19.1429 18.427 0.715868
L_198.bmp 198 20.3849 20.342 0.0428524
L_201.bmp 201 25.569 26.165 0.595953
L_204.bmp 204 26.2275 28.048 1.8205
L_207.bmp 207 35.7959 35.856 0.060112
L_208.bmp 208 39.2981 38.135 1.16306
L_209.bmp 209 40.9662 40.404 0.562164
L_215.bmp 215 58.9408 55.7 3.24077
L_216.bmp 216 60.7152 57.914 2.80122
L_218.bmp 218 61.4319 63.891 2.45909
L_219.bmp 219 65.6367 66.296 0.659348
L_221.bmp 221 66.7614 70.076 3.31456
L_222.bmp 222 72.2571 72.012 0.24514
L_223.bmp 223 69.0812 73.995 4.91383
L_225.bmp 225 69.1599 76.213 7.05312
L_227.bmp 227 69.1597 78.189 9.02927
L_228.bmp 228 71.0769 80.275 9.19809
L_230.bmp 230 72.1106 88.288 16.1774
L_208.bmp 208 -77.4465 -89.563 12.1165
L_209.bmp 209 -77.5393 -87.907 10.3677
L_210.bmp 210 -74.7871 -86.329 11.5419
L_211.bmp 211 -77.961 -84.063 6.10202
L_212.bmp 212 -73.7591 -81.715 7.9559
L_216.bmp 216 -71.7897 -73.927 2.13727
L_219.bmp 219 -71.8916 -70.205 1.68658
L_223.bmp 223 -68.6778 -63.54 5.13777
L_224.bmp 224 -64.2876 -62.027 2.26055
L_227.bmp 227 -61.4979 -58.207 3.29093
L_229.bmp 229 -59.1105 -55.517 3.59353
L_230.bmp 230 -59.9891 -54.067 5.92205
L_234.bmp 234 -55.1594 -47.553 7.60637
L_235.bmp 235 -51.4241 -45.905 5.51912
L_236.bmp 236 -44.2318 -44.39 0.15818
L_237.bmp 237 -45.3004 -42.458 2.8424
L_239.bmp 239 -37.0441 -38.373 1.32891
L_240.bmp 240 -33.9432 -36.175 2.2318
L_241.bmp 241 -35.0521 -33.861 1.19113
L_242.bmp 242 -34.453 -31.956 2.49698
L_245.bmp 245 -33.0755 -27.62 5.45546
L_246.bmp 246 -31.3496 -25.888 5.46163
L_247.bmp 247 -30.7501 -23.886 6.86411
L_248.bmp 248 -30.823 -22.057 8.76604
L_249.bmp 249 -23.1228 -20.427 2.69577
L_250.bmp 250 -22.8845 -18.224 4.66053
L_252.bmp 252 -14.1101 -14.467 0.356925
L_255.bmp 255 -8.46245 -9.7805 1.31806
L_256.bmp 256 -6.94716 -8.2955 1.34834
L_260.bmp 260 -6.48936 -6.1858 0.303555
L_265.bmp 265 -2.01957 -2.412 0.39243
L_267.bmp 267 -0.93707 -0.44353 0.49354
L_272.bmp 272 0.168547 1.8578 1.68925
L_292.bmp 292 -0.552782 3.7842 4.33698
L_294.bmp 294 1.3054 5.5141 4.2087
L_299.bmp 299 13.1775 15.54 2.36254
L_301.bmp 301 20.7855 19.617 1.16852
L_302.bmp 302 22.8718 21.729 1.14277
L_305.bmp 305 26.0994 26.278 0.178606
L_306.bmp 306 26.5889 27.565 0.976151
L_309.bmp 309 27.0553 30.053 2.99775
L_311.bmp 311 33.542 32.279 1.26303
L_312.bmp 312 30.6994 33.657 2.95762
L_315.bmp 315 35.6359 38.079 2.44312
L_317.bmp 317 38.8413 39.91 1.06874
L_321.bmp 321 39.3736 41.503 2.12939
L_324.bmp 324 41.3636 44.444 3.08036
L_325.bmp 325 41.9127 45.879 3.96632
L_326.bmp 326 45.0495 48.08 3.03048
L_330.bmp 330 64.1098 59.653 4.45684
L_331.bmp 331 66.7649 62.234 4.53089
L_335.bmp 335 74.4635 70.473 3.99052
L_336.bmp 336 75.875 72.441 3.43398
L_337.bmp 337 75.5802 74.262 1.31823
L_338.bmp 338 78.5598 77.677 0.882797
L_340.bmp 340 80.4989 79.895 0.603897
L_342.bmp 342 77.2484 81.951 4.70255
L_344.bmp 344 71.0544 84.185 13.1306
L_346.bmp 346 41.5953 86.348 44.7527
L_348.bmp 348 81.0139 88.306 7.29208
L_350.bmp 350 18.5634 90.263 71.6996
L_152.bmp 152 -71.7242 -88.007 16.2828
L_153.bmp 153 -72.0034 -86.339 14.3356
L_156.bmp 156 -67.3406 -82.149 14.8084
L_158.bmp 158 -70.3099 -80.233 9.92307
L_161.bmp 161 -67.8439 -77.603 9.75907
L_162.bmp 162 -65.8237 -76.472 10.6483
L_164.bmp 164 -65.7486 -73.664 7.91541
L_165.bmp 165 -64.1451 -72.413 8.26792
L_166.bmp 166 -64.0535 -70.305 6.25146
L_169.bmp 169 -63.0781 -65.628 2.54991
L_170.bmp 170 -61.5659 -64.449 2.88311
L_173.bmp 173 -58.8649 -59.554 0.689148
L_180.bmp 180 -47.3621 -45.703 1.65914
L_182.bmp 182 -45.0608 -43.807 1.25381
L_185.bmp 185 -42.196 -42.239 0.0430145
L_187.bmp 187 -43.0272 -40.418 2.60925
L_189.bmp 189 -41.1169 -38.494 2.62287
L_192.bmp 192 -37.5614 -35.732 1.8294
L_193.bmp 193 -34.2737 -34.349 0.0753174
L_195.bmp 195 -26.744 -31.678 4.934
L_196.bmp 196 -18.6747 -30.056 11.3813
L_199.bmp 199 -18.952 -25.552 6.59997
L_200.bmp 200 -14.2443 -24.143 9.89874
L_201.bmp 201 -13.1534 -22.449 9.29556
L_205.bmp 205 -9.75733 -16.465 6.70767
L_206.bmp 206 -6.80437 -14.316 7.51163
L_209.bmp 209 -6.24362 -11.769 5.52538
L_211.bmp 211 -4.63323 -9.9035 5.27027
L_213.bmp 213 -3.62582 -8.1785 4.55268
L_215.bmp 215 -2.29031 -6.163 3.87269
L_218.bmp 218 0.344469 -1.6879 2.03237
L_219.bmp 219 2.41884 -0.42248 2.84132
L_221.bmp 221 4.25096 2.3957 1.85526
L_222.bmp 222 4.25963 3.845 0.414627
L_224.bmp 224 6.754 6.415 0.339002
L_225.bmp 225 7.76919 7.524 0.245188
L_227.bmp 227 12.0853 10.456 1.62929
L_228.bmp 228 12.4947 11.918 0.576675
L_232.bmp 232 16.0765 17.656 1.57946
L_234.bmp 234 17.182 20.001 2.81903
L_236.bmp 236 18.1759 22.142 3.96609
L_238.bmp 238 19.5168 24.228 4.71116
L_239.bmp 239 21.7798 25.931 4.15123
L_240.bmp 240 22.8782 28.217 5.33885
L_241.bmp 241 26.827 29.696 2.86899
L_244.bmp 244 33.7871 33.833 0.0459404
L_248.bmp 248 40.9393 40.281 0.658318
L_249.bmp 249 39.9247 41.894 1.96927
L_253.bmp 253 41.0933 46.466 5.37269
L_256.bmp 256 45.6117 47.601 1.9893
L_261.bmp 261 52.4159 56.484 4.06809
L_264.bmp 264 60.0912 63.931 3.83982
L_268.bmp 268 64.6264 69.772 5.14564
L_269.bmp 269 62.8481 71.766 8.91791
L_272.bmp 272 66.0238 74.193 8.16923
L_273.bmp 273 63.4801 76.047 12.5669
L_274.bmp 274 65.1958 77.707 12.5112
L_276.bmp 276 69.5917 80.207 10.6153
L_277.bmp 277 68.4369 81.898 13.4611
L_278.bmp 278 74.6101 83.553 8.94295
L_121.bmp 121 -76.5582 -87.854 11.2958
L_124.bmp 124 -75.4391 -84.307 8.8679
L_125.bmp 125 -70.8364 -81.92 11.0836
L_126.bmp 126 -72.5183 -79.503 6.98473
L_127.bmp 127 -71.7024 -77.56 5.85757
L_129.bmp 129 -67.7069 -75.51 7.80314
L_130.bmp 130 -69.886 -74.224 4.33801
L_135.bmp 135 -59.6145 -63.748 4.13351
L_137.bmp 137 -59.562 -62.4 2.838
L_142.bmp 142 -50.0247 -54.309 4.28434
L_144.bmp 144 -50.1795 -52.185 2.00554
L_146.bmp 146 -44.6212 -48.202 3.58078
L_147.bmp 147 -46.4788 -46.147 0.331753
L_149.bmp 149 -44.9494 -42.455 2.49439
L_151.bmp 151 -39.9494 -33.962 5.98741
L_153.bmp 153 -26.4962 -19.871 6.62516
L_154.bmp 154 -12.5051 -12.209 0.296094
L_155.bmp 155 -8.4815 -5.2517 3.2298
L_156.bmp 156 -3.30395 2.2026 5.50655
L_157.bmp 157 1.51715 6.149 4.63185
L_159.bmp 159 0.683478 6.8852 6.20172
L_169.bmp 169 5.09161 9.0796 3.98799
L_170.bmp 170 10.4055 11.611 1.20554
L_171.bmp 171 9.89351 13.184 3.29049
L_172.bmp 172 14.753 15.218 0.464965
L_173.bmp 173 16.7667 17.857 1.09035
L_184.bmp 184 27.0761 29.672 2.59593
L_186.bmp 186 33.9738 32.454 1.51975
L_189.bmp 189 37.2851 33.682 3.60308
L_193.bmp 193 38.6588 40.156 1.4972
L_194.bmp 194 40.0203 42.315 2.2947
L_199.bmp 199 42.497 47.644 5.147
L_201.bmp 201 41.5147 50.454 8.93929
L_202.bmp 202 42.0702 51.807 9.73683
L_204.bmp 204 43.2688 54.115 10.8462
L_205.bmp 205 46.2452 55.77 9.52477
L_207.bmp 207 50.3783 57.856 7.4777
L_211.bmp 211 53.8917 59.869 5.97735
L_213.bmp 213 65.2952 66.328 1.03278
L_218.bmp 218 70.5515 73.775 3.22354
L_221.bmp 221 74.3758 77.907 3.53124
L_223.bmp 223 78.8163 84.437 5.62068
L_225.bmp 225 80.5338 85.587 5.05321
L_229.bmp 229 79.8859 88.185 8.29912
L_230.bmp 230 73.0728 90.132 17.0592
L_134.bmp 134 60.0665 89.592 29.5255
L_136.bmp 136 75.7236 84.068 8.34437
L_141.bmp 141 68.6651 71.836 3.17092
L_145.bmp 145 70.0684 64.118 5.95037
L_147.bmp 147 68.6434 62.147 6.49639
L_149.bmp 149 66.5288 60.187 6.34183
L_151.bmp 151 60.6734 56.159 4.51439
L_152.bmp 152 47.0376 54.041 7.0034
L_157.bmp 157 40.7629 44.246 3.4831
L_158.bmp 158 38.7475 42.187 3.43951
L_159.bmp 159 38.2176 40.418 2.20037
L_162.bmp 162 35.8074 35.563 0.244358
L_165.bmp 165 25.1967 28.474 3.27731
L_166.bmp 166 24.4357 26.302 1.86633
L_167.bmp 167 23.4572 23.954 0.496775
L_168.bmp 168 22.1419 21.72 0.42186
L_169.bmp 169 17.6508 19.82 2.16915
L_170.bmp 170 15.845 18.15 2.30502
L_171.bmp 171 15.1838 16.476 1.29223
L_174.bmp 174 7.62815 12.027 4.39885
L_176.bmp 176 6.05335 9.6871 3.63375
L_178.bmp 178 3.80777 7.5084 3.70063
L_179.bmp 179 1.34105 6.3738 5.03275
L_181.bmp 181 -0.373839 3.763 4.13684
L_182.bmp 182 -2.53569 2.0603 4.59599
L_183.bmp 183 -2.53554 0.38347 2.91901
L_184.bmp 184 -3.77049 -1.6699 2.10059
L_186.bmp 186 -9.32477 -4.4595 4.86527
L_190.bmp 190 -8.70647 -6.2739 2.43257
L_191.bmp 191 -11.1912 -7.8624 3.32878
L_192.bmp 192 -14.0774 -10.359 3.71837
L_194.bmp 194 -16.6715 -14.439 2.23254
L_195.bmp 195 -24.0562 -15.888 8.16821
L_199.bmp 199 -30.5185 -21.944 8.57448
L_202.bmp 202 -30.8375 -26.249 4.58845
L_209.bmp 209 -38.1901 -39.701 1.51091
L_212.bmp 212 -57.3414 -50.164 7.17741
L_213.bmp 213 -54.4502 -51.997 2.45322
L_219.bmp 219 -56.4563 -58.038 1.58165
L_225.bmp 225 -44.4012 -64.455 20.0538
L_138.bmp 138 -81.1007 -90.064 8.96326
L_140.bmp 140 -82.0871 -88.046 5.95891
L_141.bmp 141 -85.0117 -85.913 0.901253
L_142.bmp 142 -83.3872 -83.639 0.251831
L_143.bmp 143 -84.7016 -81.62 3.0816
L_148.bmp 148 -76.6177 -70.456 6.16168
L_149.bmp 149 -73.1483 -67.811 5.33728
L_150.bmp 150 -76.4169 -65.873 10.5439
L_151.bmp 151 -72.7126 -64.301 8.41158
L_152.bmp 152 -72.8501 -62.586 10.2641
L_154.bmp 154 -71.5557 -59.235 12.3207
L_155.bmp 155 -74.7804 -57.155 17.6254
L_156.bmp 156 -69.7548 -54.946 14.8088
L_157.bmp 157 -64.5215 -53.156 11.3655
L_158.bmp 158 -64.3698 -51.325 13.0448
L_159.bmp 159 -62.5359 -49.314 13.2219
L_160.bmp 160 -59.4045 -45.872 13.5325
L_161.bmp 161 -58.0043 -43.653 14.3513
L_164.bmp 164 -38.7726 -30.038 8.73459
L_174.bmp 174 -8.74553 -8.4972 0.248331
L_175.bmp 175 -7.78275 -5.571 2.21175
L_176.bmp 176 -2.04969 -2.4803 0.430609
L_178.bmp 178 -4.16823 0.053877 4.22211
L_181.bmp 181 0.556418 2.4261 1.86968
L_182.bmp 182 0.553283 3.7544 3.20112
L_186.bmp 186 5.3757 5.6267 0.250995
L_188.bmp 188 11.425 9.7116 1.71339
L_189.bmp 189 10.3182 11.54 1.22181
L_190.bmp 190 12.708 13.673 0.964974
L_191.bmp 191 16.4912 20.495 4.00379
L_192.bmp 192 17.5184 22.093 4.57457
L_196.bmp 196 25.9797 28.336 2.3563
L_197.bmp 197 27.9589 30.811 2.8521
L_198.bmp 198 30.8514 32.797 1.94556
L_199.bmp 199 35.9137 34.542 1.3717
L_200.bmp 200 37.5723 36.73 0.842285
L_202.bmp 202 39.5702 40.846 1.2758
L_203.bmp 203 39.5666 42.307 2.74036
L_204.bmp 204 39.6156 44.129 4.51342
L_207.bmp 207 45.5128 51.591 6.07822
L_208.bmp 208 50.8512 53.905 3.05375
L_211.bmp 211 51.3653 55.988 4.6227
L_215.bmp 215 57.3582 57.507 0.148849
L_218.bmp 218 63.1506 64.001 0.850399
L_219.bmp 219 74.7971 69.505 5.29208
L_221.bmp 221 77.4245 73.535 3.88945
L_222.bmp 222 80.4002 75.532 4.86819
L_223.bmp 223 82.3549 77.745 4.60986
L_224.bmp 224 81.1526 79.627 1.52563
L_226.bmp 226 77.8109 83.604 5.79308
L_227.bmp 227 54.4137 86.478 32.0643
L_176.bmp 176 79.9043 83.546 3.6417
L_179.bmp 179 76.9369 80.186 3.24909
L_181.bmp 181 72.2265 78.201 5.9745
L_184.bmp 184 71.8212 74.364 2.54282
L_186.bmp 186 68.8035 72.374 3.57053
L_190.bmp 190 64.3445 66.247 1.90253
L_192.bmp 192 57.1345 64.123 6.98855
L_194.bmp 194 56.969 62.389 5.42
L_197.bmp 197 54.5902 59.761 5.17077
L_199.bmp 199 47.3985 58.003 10.6045
L_201.bmp 201 45.872 55.652 9.77997
L_204.bmp 204 46.9015 52.189 5.28746
L_207.bmp 207 45.2042 48.171 2.96678
L_210.bmp 210 42.2858 43.839 1.55325
L_211.bmp 211 39.8947 42.201 2.30625
L_214.bmp 214 37.8025 38.075 0.27248
L_215.bmp 215 37.8992 36.467 1.43221
L_217.bmp 217 36.6432 33.559 3.08417
L_218.bmp 218 36.3168 32.458 3.8588
L_221.bmp 221 35.122 30.189 4.93303
L_223.bmp 223 25.3756 28.312 2.93636
L_225.bmp 225 24.0889 26.349 2.26012
L_227.bmp 227 22.1506 24.259 2.10837
L_229.bmp 229 22.8691 21.648 1.2211
L_230.bmp 230 19.1095 19.945 0.835487
L_231.bmp 231 20.363 18.424 1.93895
L_234.bmp 234 15.7801 13.684 2.09612
L_236.bmp 236 12.5411 11.524 1.0171
L_237.bmp 237 11.1252 10.291 0.834152
L_239.bmp 239 10.5392 8.2938 2.24542
L_243.bmp 243 6.82017 6.0333 0.786869
L_248.bmp 248 1.73127 3.8192 2.08793
L_254.bmp 254 -0.303246 2.053 2.35625
L_261.bmp 261 1.02572 0.12385 0.901873
L_265.bmp 265 -3.22113 -2.1999 1.02123
L_267.bmp 267 -9.03313 -4.4588 4.57433
L_268.bmp 268 -7.6761 -5.9296 1.7465
L_271.bmp 271 -12.5524 -9.9797 2.5727
L_272.bmp 272 -13.8879 -11.746 2.14191
L_276.bmp 276 -26.5113 -17.933 8.57834
L_278.bmp 278 -19.9548 -19.537 0.417805
L_280.bmp 280 -28.0766 -21.896 6.18061
L_283.bmp 283 -32.9222 -26.034 6.88825
L_285.bmp 285 -33.4999 -28.022 5.4779
L_287.bmp 287 -34.2071 -30.175 4.03207
L_289.bmp 289 -34.5824 -31.608 2.97439
L_291.bmp 291 -36.7126 -33.832 2.88063
L_294.bmp 294 -37.7442 -36.152 1.59217
L_296.bmp 296 -39.7941 -38.073 1.72106
L_301.bmp 301 -49.3009 -45.92 3.38089
L_302.bmp 302 -53.0234 -48.318 4.70545
L_303.bmp 303 -54.0402 -49.927 4.11318
L_304.bmp 304 -58.2526 -52.103 6.14962
L_305.bmp 305 -59.965 -54.063 5.90195
L_306.bmp 306 -57.5107 -56.062 1.44875
L_307.bmp 307 -59.8612 -57.776 2.08522
L_310.bmp 310 -65.6805 -62.203 3.47754
L_311.bmp 311 -65.5634 -63.741 1.82241
L_313.bmp 313 -69.4435 -66.278 3.16545
L_314.bmp 314 -65.9057 -67.589 1.68329
L_317.bmp 317 -69.9571 -72.045 2.08788
L_319.bmp 319 -74.7905 -74.448 0.342491
L_154.bmp 154 76.4232 89.957 13.5338
L_158.bmp 158 52.6923 87.874 35.1817
L_160.bmp 160 72.7662 86.068 13.3018
L_164.bmp 164 70.1907 83.906 13.7153
L_168.bmp 168 76.1638 82.055 5.89123
L_172.bmp 172 72.7995 80.179 7.37946
L_175.bmp 175 72.3476 77.895 5.54735
L_177.bmp 177 76.4067 76.319 0.0876846
L_181.bmp 181 71.9308 73.993 2.06223
L_185.bmp 185 69.0131 72.108 3.09491
L_188.bmp 188 73.7373 70.091 3.64627
L_193.bmp 193 72.3505 68.008 4.34253
L_197.bmp 197 67.6658 66.248 1.41782
L_203.bmp 203 66.8116 62.089 4.72263
L_205.bmp 205 64.9968 60.368 4.62879
L_209.bmp 209 59.928 58.058 1.87003
L_215.bmp 215 42.1927 51.948 9.75527
L_218.bmp 218 41.9594 50.007 8.04757
L_220.bmp 220 45.9913 48.361 2.36971
L_223.bmp 223 44.4211 45.802 1.38095
L_225.bmp 225 44.1122 43.985 0.127174
L_228.bmp 228 41.8259 39.808 2.01788
L_229.bmp 229 40.7942 38.375 2.41924
L_234.bmp 234 39.3542 35.656 3.69817
L_236.bmp 236 37.8696 34.054 3.81562
L_242.bmp 242 36.1215 29.943 6.17847
L_243.bmp 243 31.7433 28.406 3.33726
L_245.bmp 245 27.8346 26.42 1.41458
L_248.bmp 248 26.0902 23.611 2.47921
L_249.bmp 249 25.2112 22.242 2.96922
L_254.bmp 254 10.8042 13.571 2.76679
L_256.bmp 256 7.65471 10.096 2.44129
L_259.bmp 259 4.58037 6.1346 1.55423
L_263.bmp 263 3.45712 4.1613 0.704183
L_266.bmp 266 2.13961 1.8485 0.291112
L_267.bmp 267 0.295656 0.41745 0.121794
L_269.bmp 269 -2.46407 -2.2705 0.19357
L_272.bmp 272 -4.85411 -4.1551 0.699008
L_276.bmp 276 -9.17567 -7.9964 1.17927
L_278.bmp 278 -10.2614 -10.088 0.173409
L_280.bmp 280 -12.092 -12.419 0.327024
L_282.bmp 282 -13.2161 -14.05 0.833908
L_286.bmp 286 -17.2758 -16.405 0.870832
L_288.bmp 288 -18.786 -18.338 0.447987
L_291.bmp 291 -30.6878 -19.98 10.7078
L_293.bmp 293 -29.8422 -22.294 7.54824
L_294.bmp 294 -30.9214 -23.719 7.2024
L_296.bmp 296 -33.8206 -25.674 8.1466
L_299.bmp 299 -34.2688 -27.949 6.31975
L_301.bmp 301 -34.2127 -29.743 4.46965
L_303.bmp 303 -36.6534 -32.161 4.49236
L_305.bmp 305 -37.1402 -34.071 3.06919
L_308.bmp 308 -38.4437 -36.286 2.15774
L_315.bmp 315 -39.8853 -38.407 1.4783
L_316.bmp 316 -40.1162 -39.99 0.126198
L_319.bmp 319 -44.2837 -43.886 0.397697
L_322.bmp 322 -58.6474 -48.358 10.2893
L_324.bmp 324 -56.7776 -50.041 6.73657
L_326.bmp 326 -61.4737 -52.433 9.04073
L_328.bmp 328 -58.6597 -54.049 4.61071
L_334.bmp 334 -58.5218 -56.028 2.49379
L_336.bmp 336 -60.7997 -58.154 2.64574
L_338.bmp 338 -67.0159 -60.337 6.67887
L_340.bmp 340 -62.5326 -61.849 0.68364
L_343.bmp 343 -69.7443 -66.015 3.72931
L_344.bmp 344 -69.3458 -67.558 1.78785
L_346.bmp 346 -73.3323 -70.457 2.87531
L_347.bmp 347 -75.5872 -71.781 3.80624
L_349.bmp 349 -73.5358 -73.889 0.353218
L_352.bmp 352 -73.1499 -76.265 3.11514
L_353.bmp 353 -75.9745 -77.894 1.9195
L_356.bmp 356 -75.1933 -81.802 6.60873
L_204.bmp 204 82.0224 77.902 4.12042
L_207.bmp 207 80.9226 76.013 4.90964
L_209.bmp 209 81.1136 74.208 6.90562
L_212.bmp 212 79.6799 72.145 7.53495
L_215.bmp 215 74.0969 69.938 4.15889
L_218.bmp 218 76.349 67.856 8.493
L_222.bmp 222 74.6857 65.857 8.82874
L_227.bmp 227 72.2463 63.909 8.33734
L_234.bmp 234 68.5513 59.935 8.61627
L_239.bmp 239 65.204 57.862 7.34205
L_244.bmp 244 63.3073 56.396 6.91125
L_246.bmp 246 63.5418 54.368 9.17381
L_249.bmp 249 59.2817 52.206 7.0757
L_259.bmp 259 56.0616 49.949 6.11258
L_262.bmp 262 52.8831 47.707 5.17615
L_266.bmp 266 49.769 46.02 3.74903
L_278.bmp 278 47.4671 43.589 3.87809
L_280.bmp 280 44.6253 42.023 2.60226
L_284.bmp 284 40.3888 39.673 0.715797
L_290.bmp 290 37.3263 37.878 0.551708
L_295.bmp 295 36.7333 35.92 0.813324
L_298.bmp 298 27.5898 34.126 6.53616
L_304.bmp 304 26.636 32.117 5.48096
L_306.bmp 306 28.2034 30.002 1.79862
L_308.bmp 308 22.8331 28.182 5.34886
L_314.bmp 314 14.9121 26.081 11.1689
L_317.bmp 317 21.0018 23.713 2.71122
L_319.bmp 319 13.0225 21.923 8.90047
L_326.bmp 326 18.0497 19.873 1.82331
L_332.bmp 332 14.782 17.908 3.12602
L_334.bmp 334 12.5289 16.143 3.61412
L_337.bmp 337 8.46018 13.811 5.35082
L_341.bmp 341 11.7126 11.927 0.214367
L_348.bmp 348 8.59107 10.007 1.41593
L_352.bmp 352 5.99588 7.9958 1.99992
L_355.bmp 355 4.69096 6.0055 1.31454
L_368.bmp 368 3.455 4.0012 0.5462
L_374.bmp 374 1.35056 1.8828 0.532237
L_379.bmp 379 0.811793 -0.037092 0.848885
L_396.bmp 396 -0.176376 -1.9859 1.80952
L_398.bmp 398 -0.0199589 -4.0163 3.99634
L_401.bmp 401 -3.72965 -6.0177 2.28805
L_405.bmp 405 -6.08637 -7.968 1.88163
L_407.bmp 407 -6.41903 -9.9005 3.48147
L_409.bmp 409 -13.9946 -12.007 1.9876
L_414.bmp 414 -13.6592 -13.806 0.146822
L_417.bmp 417 -21.0813 -16.046 5.03534
L_419.bmp 419 -20.4614 -17.856 2.60536
L_427.bmp 427 -24.6089 -20.162 4.44695
L_431.bmp 431 -28.7499 -24.004 4.7459
L_438.bmp 438 -26.8068 -25.823 0.983831
L_442.bmp 442 -30.8255 -27.936 2.88947
L_449.bmp 449 -33.7073 -32.195 1.51233
L_453.bmp 453 -34.5074 -34.001 0.506386
L_458.bmp 458 -35.245 -35.949 0.703957
L_465.bmp 465 -38.241 -38.35 0.109001
L_467.bmp 467 -39.2818 -39.922 0.64024
L_473.bmp 473 -42.179 -42.018 0.160961
L_475.bmp 475 -47.2466 -44.26 2.98663
L_476.bmp 476 -44.6234 -45.651 1.0276
L_478.bmp 478 -47.13 -47.942 0.812031
L_481.bmp 481 -49.3428 -50.196 0.853149
L_484.bmp 484 -53.3244 -52.273 1.05142
L_487.bmp 487 -53.7181 -53.91 0.191895
L_490.bmp 490 -50.3213 -56.106 5.78468
L_492.bmp 492 -55.3418 -58.216 2.87418
L_493.bmp 493 -58.0376 -59.612 1.57438
L_496.bmp 496 -62.17 -64.08 1.90999
L_502.bmp 502 -63.1244 -65.85 2.72564
L_504.bmp 504 -68.1517 -67.502 0.649658
L_506.bmp 506 -68.4371 -69.628 1.19085
L_510.bmp 510 -76.3296 -72.093 4.23657
L_182.bmp 182 80.5675 88.081 7.51348
L_184.bmp 184 73.7978 86.089 12.2912
L_187.bmp 187 77.0234 81.874 4.85063
L_188.bmp 188 -33.7286 80.366 114.095
L_192.bmp 192 42.6836 71.724 29.0404
L_193.bmp 193 48.5612 69.67 21.1088
L_194.bmp 194 32.9012 67.605 34.7038
L_195.bmp 195 45.1112 65.603 20.4918
L_196.bmp 196 66.3063 63.676 2.63031
L_197.bmp 197 29.2946 61.9 32.6054
L_198.bmp 198 -4.7927 60.409 65.2017
L_199.bmp 199 39.1746 58.364 19.1894
L_200.bmp 200 55.3074 55.682 0.374599
L_204.bmp 204 38.3978 47.553 9.15521
L_205.bmp 205 41.1561 45.549 4.39293
L_206.bmp 206 40.0854 43.559 3.47365
L_207.bmp 207 39.66 42.012 2.35201
L_210.bmp 210 39.6634 37.913 1.75043
L_212.bmp 212 39.5203 35.921 3.59927
L_214.bmp 214 37.6415 33.951 3.69045
L_217.bmp 217 38.9754 31.993 6.98244
L_219.bmp 219 38.3689 29.955 8.41389
L_220.bmp 220 38.7626 28.226 10.5366
L_221.bmp 221 36.9491 26.484 10.4651
L_223.bmp 223 27.4959 22.102 5.39386
L_224.bmp 224 29.8174 19.692 10.1254
L_225.bmp 225 24.1575 18.11 6.04754
L_232.bmp 232 9.14164 4.3697 4.77194
L_241.bmp 241 4.83504 -0.054789 4.88983
L_246.bmp 246 -0.58727 -1.7356 1.14833
L_249.bmp 249 -1.77865 -6.3016 4.52295
L_250.bmp 250 -9.42469 -7.5908 1.83389
L_254.bmp 254 -11.0654 -11.955 0.889649
L_257.bmp 257 -20.2084 -15.615 4.59339
L_262.bmp 262 -23.5407 -22.435 1.10575
L_263.bmp 263 -29.8276 -23.546 6.28162
L_265.bmp 265 -32.4761 -26.171 6.30513
L_266.bmp 266 -33.4211 -27.76 5.66108
L_268.bmp 268 -36.0758 -30.105 5.97081
L_270.bmp 270 -36.7377 -32.177 4.56067
L_273.bmp 273 -40.2792 -35.514 4.76524
L_276.bmp 276 -41.7191 -40.195 1.52406
L_278.bmp 278 -41.2309 -42.014 0.783112
L_280.bmp 280 -42.298 -43.951 1.65295
L_282.bmp 282 -43.4045 -45.796 2.39149
L_285.bmp 285 -45.066 -49.585 4.51901
L_287.bmp 287 -49.3597 -52.008 2.64832
L_292.bmp 292 -58.6376 -60.301 1.66337
L_294.bmp 294 -65.316 -62.441 2.87499
L_296.bmp 296 -61.7945 -63.971 2.17653
L_302.bmp 302 -61.8 -66.397 4.597
L_304.bmp 304 -63.3398 -67.829 4.48923
L_306.bmp 306 -67.9961 -70.107 2.11089
L_311.bmp 311 -73.1296 -78.329 5.19942
L_312.bmp 312 -73.9525 -80.084 6.13151
L_313.bmp 313 -76.5767 -81.732 5.15533
L_314.bmp 314 -74.2505 -83.705 9.45452
L_315.bmp 315 -77.5503 -85.593 8.04266
L_424.bmp 424 80.8649 86.047 5.1821
L_426.bmp 426 75.4783 84.004 8.52573
L_428.bmp 428 68.6176 81.723 13.1054
L_430.bmp 430 75.3656 79.94 4.57436
L_433.bmp 433 73.9253 78.12 4.19473
L_436.bmp 436 71.2341 76.033 4.79885
L_438.bmp 438 70.0079 74.415 4.4071
L_441.bmp 441 69.0805 71.923 2.84254
L_448.bmp 448 70.3941 69.846 0.548088
L_452.bmp 452 70.1902 67.977 2.21319
L_455.bmp 455 62.0038 66.055 4.05117
L_460.bmp 460 68.1201 63.96 4.16011
L_464.bmp 464 64.4102 62.313 2.09717
L_466.bmp 466 60.4948 60.482 0.0127831
L_470.bmp 470 50.4998 58.034 7.53421
L_478.bmp 478 51.7319 56.149 4.41712
L_484.bmp 484 48.0368 53.831 5.7942
L_488.bmp 488 43.8227 52.248 8.4253
L_493.bmp 493 41.6925 50.049 8.35649
L_499.bmp 499 41.5616 48.022 6.46043
L_504.bmp 504 39.3675 45.778 6.41054
L_509.bmp 509 37.4693 44.068 6.59868
L_515.bmp 515 36.9301 42.089 5.15893
L_521.bmp 521 36.0508 40.112 4.06118
L_528.bmp 528 36.1808 38.05 1.86922
L_535.bmp 535 32.2816 35.925 3.64335
L_539.bmp 539 31.1145 33.989 2.87449
L_542.bmp 542 29.3531 32.204 2.85088
L_546.bmp 546 25.3412 30.076 4.73483
L_549.bmp 549 23.8816 28.055 4.17339
L_554.bmp 554 22.2819 25.809 3.52709
L_559.bmp 559 21.1839 23.807 2.62307
L_561.bmp 561 18.3645 21.606 3.24154
L_563.bmp 563 18.706 20.042 1.33596
L_567.bmp 567 15.6572 18.429 2.77183
L_570.bmp 570 13.5208 15.897 2.37623
L_575.bmp 575 8.20661 13.809 5.60239
L_577.bmp 577 5.81785 11.644 5.82615
L_582.bmp 582 3.96032 9.8405 5.88018
L_587.bmp 587 3.63319 8.0107 4.37751
L_603.bmp 603 2.43275 6.1686 3.73585
L_606.bmp 606 1.94726 4.2494 2.30214
L_608.bmp 608 -0.332413 1.7051 2.03751
L_611.bmp 611 -0.726719 -0.19219 0.534529
L_614.bmp 614 -2.53635 -1.697 0.839348
L_616.bmp 616 -2.44074 -3.9271 1.48636
L_619.bmp 619 -4.80623 -6.0304 1.22417
L_623.bmp 623 -6.74829 -8.2108 1.46251
L_626.bmp 626 -7.2634 -9.8454 2.582
L_632.bmp 632 -8.76369 -12.007 3.24331
L_635.bmp 635 -12.7103 -13.826 1.11565
L_637.bmp 637 -16.1438 -15.758 0.385831
L_641.bmp 641 -16.0357 -18.175 2.13931
L_643.bmp 643 -19.3633 -20.005 0.641735
L_649.bmp 649 -20.8703 -22.129 1.25875
L_652.bmp 652 -28.1669 -24.329 3.83793
L_655.bmp 655 -27.1019 -25.821 1.28093
L_661.bmp 661 -29.1674 -28.221 0.946449
L_667.bmp 667 -30.7047 -29.981 0.723671
L_672.bmp 672 -33.2411 -31.97 1.27113
L_675.bmp 675 -34.9153 -33.81 1.10533
L_680.bmp 680 -36.0845 -35.944 0.140503
L_684.bmp 684 -35.3595 -38.039 2.67955
L_686.bmp 686 -37.5348 -39.966 2.43118
L_689.bmp 689 -38.7777 -43.949 5.17135
L_691.bmp 691 -40.5056 -45.733 5.22738
L_693.bmp 693 -46.6402 -47.85 1.20976
L_695.bmp 695 -45.9602 -50.483 4.52276
L_696.bmp 696 -49.3345 -52.009 2.67451
L_699.bmp 699 -51.9066 -54.209 2.30237
L_702.bmp 702 -53.1279 -56.454 3.32611
L_703.bmp 703 -54.606 -57.541 2.93505
L_705.bmp 705 -57.2215 -60.348 3.12648
L_706.bmp 706 -65.7586 -61.828 3.93058
L_708.bmp 708 -67.9759 -64.399 3.57687
L_710.bmp 710 -68.3892 -66.275 2.11415
L_712.bmp 712 -66.349 -68.352 2.00298
L_714.bmp 714 -70.1637 -70.118 0.0456696
L_716.bmp 716 -78.9814 -72.14 6.84138
L_718.bmp 718 -80.9021 -74.285 6.61714
L_720.bmp 720 -80.1375 -76.345 3.79248
L_724.bmp 724 -81.5229 -77.956 3.56685
L_725.bmp 725 -82.1818 -80.295 1.88676
L_730.bmp 730 -82.2033 -83.914 1.71071
L_734.bmp 734 -81.7219 -85.976 4.2541
L_736.bmp 736 -84.5317 -88.347 3.81532
L_137.bmp 137 -81.1172 -81.783 0.665771
L_141.bmp 141 -74.6432 -74.222 0.421227
L_142.bmp 142 -77.0964 -72.003 5.09344
L_143.bmp 143 -74.4057 -70.174 4.23174
L_147.bmp 147 -64.5253 -65.747 1.22168
L_154.bmp 154 -64.2259 -63.95 0.275944
L_159.bmp 159 -66.127 -59.96 6.16696
L_163.bmp 163 -62.9271 -57.994 4.93312
L_167.bmp 167 -52.6698 -55.982 3.31221
L_171.bmp 171 -54.2578 -53.775 0.482761
L_174.bmp 174 -53.0474 -51.919 1.12841
L_177.bmp 177 -50.9071 -49.793 1.11415
L_180.bmp 180 -47.6919 -47.664 0.0279198
L_181.bmp 181 -34.5004 -45.843 11.3426
L_186.bmp 186 -45.5999 -43.905 1.69489
L_195.bmp 195 -43.0017 -42.04 0.961727
L_198.bmp 198 -42.7525 -40.257 2.49545
L_201.bmp 201 -36.4585 -35.569 0.889507
L_203.bmp 203 -34.6572 -33.995 0.662247
L_209.bmp 209 -32.5669 -32.158 0.408932
L_213.bmp 213 -31.895 -29.816 2.07899
L_215.bmp 215 -33.1548 -27.701 5.45385
L_218.bmp 218 -24.5166 -25.712 1.19536
L_219.bmp 219 -26.2978 -24.457 1.84079
L_223.bmp 223 -18.5597 -21.847 3.28731
L_226.bmp 226 -18.7792 -19.743 0.963842
L_230.bmp 230 -13.8722 -17.757 3.88475
L_232.bmp 232 -12.5285 -15.562 3.03354
L_235.bmp 235 -10.3465 -13.944 3.59746
L_241.bmp 241 -8.21978 -11.936 3.71622
L_244.bmp 244 -6.54348 -9.7627 3.21922
L_247.bmp 247 -6.63875 -7.8605 1.22175
L_250.bmp 250 -3.61161 -6.2903 2.67869
L_253.bmp 253 0.941753 -3.8275 4.76925
L_256.bmp 256 -0.00520446 -2.0647 2.0595
L_286.bmp 286 2.11908 0.015845 2.10323
L_289.bmp 289 6.48555 1.9181 4.56745
L_377.bmp 377 6.21944 3.7394 2.48004
L_383.bmp 383 8.94092 5.8416 3.09932
L_387.bmp 387 11.7797 7.8929 3.88685
L_393.bmp 393 12.6494 12.036 0.613437
L_400.bmp 400 16.9589 13.867 3.09194
L_404.bmp 404 14.8347 15.803 0.968286
L_409.bmp 409 17.3184 17.778 0.459558
L_415.bmp 415 18.9719 20.089 1.11706
L_422.bmp 422 26.2507 22.084 4.16669
L_426.bmp 426 30.7548 23.939 6.81576
L_432.bmp 432 27.3364 26.134 1.20235
L_437.bmp 437 38.4095 28.049 10.3605
L_440.bmp 440 38.6505 30.074 8.5765
L_451.bmp 451 40.7749 32.264 8.51088
L_453.bmp 453 38.9578 33.822 5.13577
L_457.bmp 457 39.2609 36.111 3.14986
L_466.bmp 466 40.7354 38.41 2.32541
L_468.bmp 468 40.3185 39.762 0.556477
L_471.bmp 471 42.4206 42.41 0.010582
L_475.bmp 475 43.7689 44.236 0.467117
L_481.bmp 481 44.3412 46.089 1.74781
L_486.bmp 486 50.6874 47.885 2.80235
L_493.bmp 493 53.8811 52.048 1.83312
L_497.bmp 497 57.0961 53.723 3.37313
L_501.bmp 501 56.0108 56.101 0.0901947
L_503.bmp 503 62.9767 57.51 5.4667
L_505.bmp 505 61.699 59.784 1.91497
L_512.bmp 512 67.7458 61.885 5.86081
L_516.bmp 516 60.3453 64.088 3.74272
L_523.bmp 523 63.7935 65.972 2.17845
L_526.bmp 526 65.4765 67.869 2.39255
L_529.bmp 529 71.9027 69.815 2.08768
L_533.bmp 533 62.8268 71.691 8.86419
L_535.bmp 535 59.6591 74.027 14.3679
L_544.bmp 544 76.4634 75.963 0.500435
L_553.bmp 553 71.0983 78.076 6.97772
L_555.bmp 555 71.7179 79.643 7.92505
L_564.bmp 564 76.4183 81.591 5.17268
L_566.bmp 566 -33.0493 84.029 117.078
L_220.bmp 220 -82.049 -82.216 0.166969
L_222.bmp 222 -81.9138 -80.278 1.6358
L_226.bmp 226 -81.3331 -77.846 3.48712
L_228.bmp 228 -80.4821 -76.25 4.23211
L_232.bmp 232 -78.1144 -73.954 4.16036
L_234.bmp 234 -77.0569 -72.036 5.0209
L_236.bmp 236 -70.9021 -70.29 0.612122
L_239.bmp 239 -70.9154 -68.239 2.67638
L_243.bmp 243 -62.6515 -65.59 2.93846
L_245.bmp 245 -62.3748 -63.768 1.39325
L_249.bmp 249 -62.1946 -61.818 0.37664
L_252.bmp 252 -55.8979 -60.142 4.24405
L_253.bmp 253 -52.8984 -58.441 5.54264
L_256.bmp 256 -51.5008 -55.967 4.46616
L_259.bmp 259 -48.6534 -53.78 5.12657
L_262.bmp 262 -45.9702 -52.19 6.21983
L_267.bmp 267 -43.6416 -49.834 6.19243
L_270.bmp 270 -43.769 -47.729 3.96001
L_273.bmp 273 -40.5468 -45.742 5.19519
L_276.bmp 276 -37.5272 -43.651 6.12379
L_279.bmp 279 -33.6224 -41.945 8.32258
L_283.bmp 283 -36.3613 -40.025 3.66366
L_287.bmp 287 -33.0608 -37.787 4.7262
L_290.bmp 290 -33.7199 -36.284 2.56405
L_294.bmp 294 -32.8694 -34.298 1.42859
L_299.bmp 299 -30.7093 -31.993 1.2837
L_303.bmp 303 -27.235 -30.186 2.95099
L_310.bmp 310 -25.7648 -27.787 2.02217
L_313.bmp 313 -26.9017 -26.24 0.661688
L_319.bmp 319 -16.7546 -23.83 7.07535
L_323.bmp 323 -15.2736 -21.893 6.61943
L_329.bmp 329 -13.9176 -19.844 5.92644
L_333.bmp 333 -13.3143 -17.932 4.61774
L_338.bmp 338 -9.56447 -15.851 6.28653
L_341.bmp 341 -11.576 -14.048 2.47196
L_344.bmp 344 -7.62579 -12.12 4.4942
L_350.bmp 350 -4.8526 -10.12 5.2674
L_355.bmp 355 -1.62405 -7.8251 6.20105
L_359.bmp 359 -1.47063 -6.059 4.58837
L_363.bmp 363 -0.211675 -3.669 3.45732
L_366.bmp 366 0.553415 -1.983 2.53642
L_370.bmp 370 0.511827 0.0086141 0.503213
L_374.bmp 374 3.25393 1.9153 1.33863
L_377.bmp 377 5.95486 3.8488 2.10606
L_380.bmp 380 6.20568 5.8218 0.383883
L_383.bmp 383 7.64145 7.8815 0.240054
L_386.bmp 386 10.0122 9.9049 0.107255
L_388.bmp 388 9.85466 12.061 2.20634
L_391.bmp 391 12.1965 13.907 1.71054
L_395.bmp 395 15.1324 16.244 1.1116
L_397.bmp 397 15.9568 18.104 2.14724
L_399.bmp 399 18.9713 19.806 0.834673
L_403.bmp 403 18.7429 21.932 3.18906
L_407.bmp 407 21.0018 24.241 3.23916
L_409.bmp 409 24.9017 25.907 1.00525
L_412.bmp 412 25.8566 28.271 2.41441
L_414.bmp 414 27.5014 29.816 2.3146
L_417.bmp 417 31.1617 31.852 0.690266
L_422.bmp 422 32.9328 33.899 0.966164
L_425.bmp 425 35.9987 35.752 0.246674
L_427.bmp 427 36.8531 37.523 0.669907
L_430.bmp 430 38.408 40.315 1.90704
L_432.bmp 432 39.6649 42.194 2.52911
L_435.bmp 435 41.1095 44.14 3.0305
L_438.bmp 438 41.7402 46.237 4.49675
L_441.bmp 441 43.3873 48.054 4.66669
L_444.bmp 444 45.57 50.285 4.71503
L_447.bmp 447 47.4364 52.244 4.80756
L_450.bmp 450 53.1631 53.815 0.651917
L_453.bmp 453 52.7837 55.923 3.13934
L_456.bmp 456 50.8252 58.133 7.30781
L_459.bmp 459 49.3693 59.597 10.2277
L_461.bmp 461 56.5063 62.293 5.78666
L_465.bmp 465 57.6845 63.914 6.22945
L_471.bmp 471 66.4909 65.837 0.653908
L_473.bmp 473 66.0303 68.384 2.35371
L_475.bmp 475 70.4166 70.346 0.0705643
L_478.bmp 478 69.915 72.406 2.49097
L_481.bmp 481 66.354 74.18 7.82603
L_484.bmp 484 71.0746 76.201 5.1264
L_487.bmp 487 74.2108 78.159 3.9482
L_490.bmp 490 76.0151 79.958 3.94292
L_493.bmp 493 76.7116 81.696 4.98438
L_496.bmp 496 81.6439 84.1 2.45608
L_498.bmp 498 78.003 85.838 7.83502
L_227.bmp 227 -82.5332 -89.869 7.33583
L_228.bmp 228 -80.5974 -88.443 7.84563
L_232.bmp 232 -80.4157 -85.954 5.53831
L_234.bmp 234 -79.8911 -84.221 4.32986
L_236.bmp 236 -80.0024 -82.055 2.0526
L_244.bmp 244 -76.9596 -79.951 2.99136
L_250.bmp 250 -75.4595 -77.753 2.29345
L_256.bmp 256 -75.793 -76.043 0.249962
L_262.bmp 262 -72.3983 -73.952 1.55375
L_266.bmp 266 -69.0958 -71.952 2.8562
L_270.bmp 270 -69.0344 -69.895 0.860558
L_273.bmp 273 -65.9519 -67.969 2.01714
L_278.bmp 278 -63.4551 -65.799 2.34394
L_281.bmp 281 -62.6097 -63.651 1.0413
L_286.bmp 286 -58.9232 -61.806 2.88281
L_290.bmp 290 -58.4595 -59.874 1.41454
L_292.bmp 292 -56.3743 -58.351 1.97668
L_296.bmp 296 -54.2522 -56.098 1.84575
L_300.bmp 300 -51.4258 -53.595 2.1692
L_303.bmp 303 -49.6441 -52.266 2.62195
L_307.bmp 307 -45.9233 -49.945 4.02174
L_310.bmp 310 -43.2671 -48.259 4.99193
L_313.bmp 313 -41.6745 -46.368 4.6935
L_315.bmp 315 -41.3069 -44.319 3.01208
L_321.bmp 321 -40.2948 -42.064 1.76923
L_324.bmp 324 -39.5662 -40.11 0.543842
L_327.bmp 327 -37.1796 -38.157 0.977409
L_329.bmp 329 -34.906 -36.126 1.21999
L_332.bmp 332 -35.1991 -33.864 1.33512
L_334.bmp 334 -35.1271 -31.919 3.20812
L_337.bmp 337 -33.4418 -28.164 5.27778
L_339.bmp 339 -33.2408 -26.255 6.98577
L_342.bmp 342 -29.7816 -23.644 6.13756
L_344.bmp 344 -30.9915 -22.037 8.95449
L_349.bmp 349 -24.5283 -17.626 6.90229
L_351.bmp 351 -18.8622 -15.606 3.25622
L_354.bmp 354 -14.5689 -13.694 0.874923
L_356.bmp 356 -13.9467 -12.064 1.88271
L_358.bmp 358 -12.4699 -10.138 2.33193
L_361.bmp 361 -11.9386 -7.8264 4.11223
L_363.bmp 363 -9.31946 -6.3473 2.97216
L_365.bmp 365 -6.4611 -4.4646 1.9965
L_370.bmp 370 -3.58271 -1.8858 1.69691
L_385.bmp 385 5.52058 0.49223 5.02835
L_389.bmp 389 3.98906 4.3307 0.341644
L_391.bmp 391 7.86507 5.7402 2.12487
L_394.bmp 394 9.09918 8.3799 0.719277
L_397.bmp 397 11.3144 9.8926 1.42182
L_401.bmp 401 12.0401 12.093 0.0528536
L_405.bmp 405 14.8282 14.083 0.745191
L_410.bmp 410 18.9598 16.196 2.76377
L_413.bmp 413 23.6359 17.888 5.74793
L_418.bmp 418 26.1397 19.824 6.31573
L_422.bmp 422 29.3904 21.835 7.55541
L_426.bmp 426 25.648 24.161 1.48699
L_429.bmp 429 35.9797 25.768 10.2117
L_434.bmp 434 34.9565 28.196 6.76047
L_438.bmp 438 37.0004 30.133 6.86741
L_445.bmp 445 36.4414 31.812 4.62936
L_447.bmp 447 38.3268 34.283 4.04384
L_449.bmp 449 38.3947 36.357 2.03768
L_453.bmp 453 39.3233 38.274 1.04933
L_456.bmp 456 39.9607 40.094 0.13327
L_458.bmp 458 40.7277 41.788 1.06025
L_460.bmp 460 41.8975 43.503 1.60553
L_464.bmp 464 42.315 46.159 3.84399
L_466.bmp 466 41.2099 47.798 6.58812
L_469.bmp 469 40.8809 50.297 9.41607
L_471.bmp 471 43.9681 52.079 8.11089
L_473.bmp 473 47.843 54.315 6.47202
L_474.bmp 474 46.3756 55.517 9.14142
L_476.bmp 476 51.3038 57.709 6.4052
L_478.bmp 478 55.618 59.724 4.10599
L_480.bmp 480 61.4074 61.787 0.379555
L_483.bmp 483 67.7056 64.391 3.31462
L_485.bmp 485 69.2726 66.265 3.00761
L_488.bmp 488 71.2088 69.847 1.36176
L_490.bmp 490 74.8889 72.205 2.68385
L_493.bmp 493 76.4488 75.905 0.543808
L_496.bmp 496 78.354 79.643 1.28903
L_498.bmp 498 77.7209 81.624 3.90313
L_501.bmp 501 50.8743 84.421 33.5467
L_503.bmp 503 73.7334 86.406 12.6726
L_504.bmp 504 82.2651 87.671 5.40588
L_263.bmp 263 -82.2858 -88.13 5.84425
L_265.bmp 265 -83.1159 -85.677 2.5611
L_267.bmp 267 -83.8569 -83.737 0.119949
L_269.bmp 269 -79.162 -81.848 2.686
L_275.bmp 275 -75.8375 -75.643 0.194519
L_278.bmp 278 -69.7902 -71.859 2.06878
L_280.bmp 280 -72.0161 -69.526 2.49012
L_282.bmp 282 -69.9438 -67.671 2.27277
L_284.bmp 284 -68.9856 -66.191 2.79459
L_286.bmp 286 -65.6962 -63.785 1.91122
L_288.bmp 288 -67.6082 -62.196 5.41218
L_290.bmp 290 -64.4649 -59.95 4.51492
L_292.bmp 292 -61.2146 -57.666 3.54864
L_294.bmp 294 -58.6485 -55.802 2.84649
L_297.bmp 297 -59.1399 -53.694 5.44592
L_303.bmp 303 -53.9173 -47.789 6.12832
L_306.bmp 306 -49.2057 -45.86 3.34568
L_309.bmp 309 -50.4096 -43.594 6.81561
L_310.bmp 310 -49.6023 -42.119 7.48331
L_313.bmp 313 -43.7277 -38.194 5.53373
L_315.bmp 315 -40.4605 -36.296 4.1645
L_317.bmp 317 -38.2456 -34.206 4.03955
L_319.bmp 319 -36.8023 -31.911 4.89127
L_321.bmp 321 -35.9557 -30.159 5.79665
L_323.bmp 323 -34.691 -28.467 6.22396
L_326.bmp 326 -27.4248 -23.933 3.49179
L_330.bmp 330 -24.5491 -21.952 2.59711
L_333.bmp 333 -17.503 -17.604 0.10096
L_344.bmp 344 -16.971 -15.979 0.991972
L_346.bmp 346 -19.2279 -13.972 5.25592
L_355.bmp 355 -13.3708 -12.015 1.35581
L_362.bmp 362 -12.4118 -9.9269 2.48491
L_367.bmp 367 -11.4832 -8.2997 3.18347
L_370.bmp 370 -7.13824 -6.1363 1.00194
L_373.bmp 373 -5.02071 -4.0865 0.934209
L_378.bmp 378 -2.00982 -1.875 0.134824
L_383.bmp 383 -0.478633 0.10344 0.582073
L_389.bmp 389 -0.565191 2.0618 2.62699
L_393.bmp 393 2.3403 3.9074 1.5671
L_397.bmp 397 5.02236 6.004 0.981636
L_404.bmp 404 8.81295 7.9929 0.820055
L_411.bmp 411 9.49647 9.9538 0.457332
L_417.bmp 417 14.1379 11.978 2.15987
L_424.bmp 424 15.4259 13.997 1.42895
L_429.bmp 429 22.5872 15.982 6.60524
L_433.bmp 433 20.9708 18.251 2.71979
L_435.bmp 435 20.0459 19.727 0.318918
L_440.bmp 440 22.5482 21.785 0.763239
L_445.bmp 445 22.6455 24.081 1.43553
L_451.bmp 451 23.6557 25.846 2.19031
L_456.bmp 456 25.236 28.117 2.88096
L_460.bmp 460 32.1773 29.92 2.25731
L_467.bmp 467 34.7727 32.1 2.67273
L_472.bmp 472 36.4268 33.982 2.44479
L_477.bmp 477 35.9411 35.724 0.217075
L_481.bmp 481 36.3419 38.085 1.74306
L_486.bmp 486 36.4446 40.071 3.62636
L_490.bmp 490 37.4654 42.046 4.58061
L_494.bmp 494 37.3473 43.756 6.40866
L_498.bmp 498 39.6159 45.926 6.31009
L_501.bmp 501 41.549 47.814 6.26496
L_505.bmp 505 40.9412 49.919 8.97778
L_507.bmp 507 43.9873 51.774 7.78674
L_510.bmp 510 47.1756 54.394 7.21844
L_512.bmp 512 50.965 55.892 4.92705
L_514.bmp 514 51.8666 57.746 5.8794
L_516.bmp 516 56.636 59.587 2.951
L_519.bmp 519 62.8847 62.172 0.712704
L_522.bmp 522 67.0679 63.544 3.52387
L_524.bmp 524 67.9711 65.701 2.27009
L_526.bmp 526 70.6025 67.504 3.09851
L_528.bmp 528 63.6762 69.954 6.27777
L_530.bmp 530 67.9049 71.563 3.65811
L_532.bmp 532 67.4567 73.547 6.09027
L_534.bmp 534 71.1448 75.733 4.58818
L_536.bmp 536 75.0994 77.728 2.6286
L_539.bmp 539 75.1644 80.401 5.23657
L_543.bmp 543 79.7045 86.037 6.33246
L_545.bmp 545 79.7677 87.939 8.17126
L_210.bmp 210 -76.8001 -83.919 7.1189
L_225.bmp 225 -80.4817 -81.984 1.50233
L_240.bmp 240 -81.3958 -79.998 1.39783
L_254.bmp 254 -79.2514 -77.998 1.25343
L_266.bmp 266 -75.2068 -76.008 0.801193
L_288.bmp 288 -78.4262 -71.942 6.48418
L_294.bmp 294 -76.017 -70.123 5.89397
L_307.bmp 307 -73.5308 -68.057 5.47382
L_319.bmp 319 -77.3211 -66.044 11.2771
L_336.bmp 336 -74.9634 -63.908 11.0554
L_348.bmp 348 -72.5239 -62.033 10.4909
L_358.bmp 358 -72.0242 -59.995 12.0292
L_373.bmp 373 -68.7829 -57.992 10.7909
L_387.bmp 387 -62.8933 -55.988 6.90531
L_401.bmp 401 -58.4216 -54.175 4.24662
L_418.bmp 418 -58.9067 -52.024 6.88268
L_434.bmp 434 -52.2922 -50.011 2.28123
L_451.bmp 451 -54.9629 -48.113 6.84993
L_466.bmp 466 -44.9724 -46.016 1.04359
L_483.bmp 483 -43.0968 -44.11 1.01324
L_500.bmp 500 -41.1645 -42.035 0.87048
L_523.bmp 523 -39.0552 -39.98 0.924812
L_552.bmp 552 -37.8389 -37.953 0.114136
L_570.bmp 570 -36.9015 -35.936 0.965477
L_585.bmp 585 -36.9452 -34.029 2.9162
L_613.bmp 613 -35.4682 -31.94 3.52824
L_641.bmp 641 -32.8988 -30.458 2.44079
L_659.bmp 659 -32.8661 -28.008 4.85814
L_695.bmp 695 -28.5041 -25.965 2.53907
L_711.bmp 711 -28.7314 -24.034 4.69739
L_732.bmp 732 -25.2409 -22.03 3.21089
L_744.bmp 744 -18.6582 -20.066 1.40779
L_756.bmp 756 -19.5825 -18.016 1.56652
L_784.bmp 784 -21.6093 -16.126 5.48328
L_795.bmp 795 -12.8094 -13.976 1.16664
L_808.bmp 808 -11.2285 -11.936 0.707461
L_819.bmp 819 -9.5879 -9.9913 0.403396
L_833.bmp 833 -7.98537 -7.9539 0.0314674
L_847.bmp 847 -6.04342 -5.9704 0.0730233
L_865.bmp 865 -3.03644 -4.0276 0.991164
L_882.bmp 882 -0.473411 -1.9832 1.50979
L_900.bmp 900 1.96274 0.014046 1.9487
L_926.bmp 926 1.37767 2.1443 0.766628
L_950.bmp 950 5.57317 3.9224 1.65077
L_1005.bmp 1005 7.76097 6.0102 1.75077
L_1022.bmp 1022 9.80959 7.9389 1.87069
L_1030.bmp 1030 13.1655 10.252 2.91354
L_1041.bmp 1041 14.2099 11.94 2.2699
L_1053.bmp 1053 18.0235 14.081 3.94251
L_1057.bmp 1057 18.6223 15.879 2.74331
L_1068.bmp 1068 21.7974 18.116 3.68138
L_1083.bmp 1083 22.2143 19.964 2.25028
L_1100.bmp 1100 24.3462 22.016 2.33022
L_1113.bmp 1113 26.0767 23.763 2.3137
L_1121.bmp 1121 28.254 25.953 2.30095
L_1139.bmp 1139 30.8177 28.016 2.80167
L_1153.bmp 1153 36.3478 30.084 6.26383
L_1173.bmp 1173 38.1594 31.998 6.16137
L_1187.bmp 1187 37.3055 33.958 3.34745
L_1198.bmp 1198 40.4172 35.986 4.43123
L_1210.bmp 1210 39.4336 38.057 1.37663
L_1221.bmp 1221 41.3529 39.961 1.39192
L_1231.bmp 1231 44.9722 41.903 3.06916
L_1245.bmp 1245 50.3811 44.034 6.34708
L_1254.bmp 1254 50.1832 46.154 4.02924
L_1263.bmp 1263 57.1539 48.124 9.02991
L_1265.bmp 1265 58.8393 49.68 9.15934
L_1268.bmp 1268 63.8638 52.154 11.7098
L_1280.bmp 1280 65.5794 53.993 11.5864
L_1295.bmp 1295 69.0599 56.003 13.0569
L_1314.bmp 1314 69.8527 58.021 11.8317
L_1332.bmp 1332 72.0274 60.016 12.0114
L_1349.bmp 1349 73.4301 63.862 9.56814
L_1359.bmp 1359 75.1385 66.009 9.12952
L_1371.bmp 1371 74.8901 68.132 6.75813
L_1382.bmp 1382 78.7938 70.011 8.78284
L_1394.bmp 1394 74.2203 71.974 2.24634
L_1408.bmp 1408 84.5407 73.974 10.5667
L_1415.bmp 1415 84.574 76.039 8.53501
L_1427.bmp 1427 85.378 78.014 7.36402
L_1431.bmp 1431 83.4554 80.06 3.39536
L_1451.bmp 1451 83.207 81.993 1.21397
L_1467.bmp 1467 81.4276 84.026 2.59843
L_1485.bmp 1485 77.8752 86.009 8.13378
L_1506.bmp 1506 84.545 88.043 3.49799
L_1512.bmp 1512 83.9116 89.946 6.03439
L_106.bmp 106 -83.1612 -90.387 7.22584
L_109.bmp 109 -82.356 -85.592 3.23598
L_113.bmp 113 -81.286 -81.777 0.491028
L_115.bmp 115 -80.1038 -79.612 0.491753
L_118.bmp 118 -78.1845 -76.168 2.01654
L_120.bmp 120 -75.1161 -73.81 1.30606
L_122.bmp 122 -74.0589 -72.417 1.64191
L_125.bmp 125 -71.7379 -69.908 1.82995
L_128.bmp 128 -72.5846 -68.331 4.25356
L_131.bmp 131 -73.1967 -66.118 7.07872
L_135.bmp 135 -69.967 -63.641 6.32599
L_137.bmp 137 -68.2385 -61.887 6.35146
L_139.bmp 139 -67.4326 -60.056 7.37659
L_142.bmp 142 -68.9223 -57.739 11.1833
L_144.bmp 144 -61.7909 -56.009 5.78193
L_146.bmp 146 -62.4932 -54.339 8.15422
L_149.bmp 149 -59.7324 -51.983 7.74938
L_152.bmp 152 -55.7938 -50.162 5.63179
L_155.bmp 155 -51.6458 -48.305 3.34082
L_158.bmp 158 -49.6168 -45.915 3.70177
L_161.bmp 161 -48.1634 -43.668 4.49543
L_163.bmp 163 -48.2461 -42.288 5.95806
L_166.bmp 166 -43.4655 -39.525 3.94054
L_169.bmp 169 -44.9262 -37.782 7.14421
L_172.bmp 172 -41.3125 -36.113 5.19947
L_175.bmp 175 -41.0096 -33.636 7.37364
L_177.bmp 177 -37.997 -32.042 5.95503
L_179.bmp 179 -35.867 -30.221 5.64599
L_182.bmp 182 -30.8155 -27.653 3.16247
L_184.bmp 184 -30.3882 -26.149 4.23917
L_186.bmp 186 -27.0523 -24.306 2.74628
L_188.bmp 188 -26.2061 -22.426 3.78006
L_191.bmp 191 -21.8781 -19.981 1.89708
L_194.bmp 194 -18.0399 -17.721 0.318937
L_197.bmp 197 -15.4742 -15.674 0.199755
L_201.bmp 201 -13.2901 -13.919 0.628948
L_204.bmp 204 -11.7941 -11.577 0.217144
L_205.bmp 205 -9.91185 -10.454 0.542149
L_208.bmp 208 -6.85119 -7.7555 0.904313
L_210.bmp 210 -4.18191 -6.0536 1.87169
L_213.bmp 213 -2.67839 -3.6278 0.94941
L_215.bmp 215 -1.60076 -1.947 0.346238
L_217.bmp 217 1.62851 -0.30412 1.93263
L_220.bmp 220 3.92029 2.3884 1.53189
L_222.bmp 222 4.34888 4.0796 0.269283
L_224.bmp 224 6.62463 5.7112 0.913431
L_227.bmp 227 9.98249 7.8397 2.14279
L_233.bmp 233 14.1708 13.958 0.21284
L_235.bmp 235 16.1641 15.753 0.411137
L_237.bmp 237 18.8556 17.969 0.886576
L_240.bmp 240 19.452 19.9 0.448048
L_242.bmp 242 21.7457 21.586 0.159725
L_245.bmp 245 23.7216 24.428 0.70644
L_246.bmp 246 23.6532 25.563 1.9098
L_248.bmp 248 25.255 27.549 2.29401
L_250.bmp 250 27.5455 29.762 2.21653
L_252.bmp 252 30.6598 31.712 1.05218
L_254.bmp 254 35.4108 33.578 1.83282
L_256.bmp 256 34.7896 35.677 0.887413
L_258.bmp 258 37.25 38.136 0.885967
L_259.bmp 259 37.1681 39.689 2.52086
L_261.bmp 261 38.2274 42.323 4.09561
L_264.bmp 264 39.8005 45.78 5.97947
L_267.bmp 267 42.0158 48.454 6.43817
L_270.bmp 270 45.218 50.175 4.95702
L_272.bmp 272 45.8478 52.073 6.22521
L_275.bmp 275 54.172 54.269 0.0970039
L_277.bmp 277 48.7024 56.127 7.42464
L_279.bmp 279 59.912 58.035 1.87695
L_282.bmp 282 62.9313 60.468 2.4633
L_284.bmp 284 67.1843 62.358 4.82629
L_285.bmp 285 66.9888 63.743 3.24584
L_289.bmp 289 70.8532 68.394 2.45921
L_291.bmp 291 70.5365 70.374 0.162506
L_292.bmp 292 76.8886 71.611 5.27763
L_294.bmp 294 76.2696 73.653 2.61655
L_297.bmp 297 78.9322 75.868 3.06421
L_311.bmp 311 81.2312 83.901 2.66983
L_313.bmp 313 80.751 86.205 5.45396
L_316.bmp 316 81.5615 89.731 8.16948
L_283.bmp 283 -69.1224 -73.921 4.79862
L_287.bmp 287 -77.8447 -71.946 5.8987
L_292.bmp 292 -72.3622 -70.049 2.31315
L_295.bmp 295 -63.0105 -68.119 5.10855
L_299.bmp 299 -65.1997 -65.906 0.706268
L_304.bmp 304 -64.2952 -64.067 0.228233
L_309.bmp 309 -64.3315 -61.96 2.37153
L_312.bmp 312 -61.7706 -60.12 1.65063
L_316.bmp 316 -65.6577 -57.869 7.78868
L_320.bmp 320 -64.2198 -56.192 8.02784
L_324.bmp 324 -54.1416 -54.14 0.00156021
L_327.bmp 327 -60.7602 -52.207 8.55322
L_331.bmp 331 -58.602 -49.965 8.63697
L_336.bmp 336 -56.088 -48.184 7.90404
L_342.bmp 342 -49.2064 -46.099 3.10743
L_349.bmp 349 -47.6168 -43.955 3.66183
L_357.bmp 357 -42.8348 -42.179 0.655804
L_363.bmp 363 -41.7917 -39.893 1.89869
L_367.bmp 367 -43.8785 -37.921 5.95748
L_373.bmp 373 -41.7591 -35.844 5.91512
L_377.bmp 377 -38.4507 -33.861 4.58967
L_381.bmp 381 -34.8567 -32.094 2.76268
L_386.bmp 386 -32.6486 -30.066 2.58261
L_394.bmp 394 -34.3185 -28.039 6.27954
L_406.bmp 406 -31.4831 -25.902 5.58106
L_412.bmp 412 -31.7303 -24.363 7.36731
L_416.bmp 416 -26.7177 -22.225 4.49274
L_422.bmp 422 -19.4686 -19.971 0.502371
L_427.bmp 427 -21.8898 -17.761 4.12877
L_430.bmp 430 -16.8354 -16.009 0.826422
L_435.bmp 435 -13.1664 -14.129 0.962638
L_443.bmp 443 -12.1732 -12.03 0.143213
L_445.bmp 445 -9.6666 -9.6036 0.0630016
L_449.bmp 449 -8.39603 -7.7932 0.60283
L_452.bmp 452 -7.32721 -5.9675 1.35971
L_458.bmp 458 -1.1575 -4.1395 2.982
L_463.bmp 463 -2.53899 -2.1048 0.434191
L_469.bmp 469 -1.98103 0.31766 2.29869
L_473.bmp 473 3.92058 2.0499 1.87068
L_475.bmp 475 5.8732 3.7541 2.1191
L_482.bmp 482 6.31558 5.7985 0.517084
L_499.bmp 499 7.37962 8.0359 0.656278
L_503.bmp 503 9.18294 10.041 0.858056
L_507.bmp 507 9.88294 12.234 2.35106
L_510.bmp 510 13.163 14.01 0.84704
L_513.bmp 513 18.3528 15.762 2.59081
L_517.bmp 517 28.156 18.212 9.94398
L_520.bmp 520 28.2025 19.992 8.21054
L_524.bmp 524 25.4062 22.07 3.33625
L_528.bmp 528 34.8563 23.97 10.8863
L_533.bmp 533 31.1305 25.964 5.16651
L_537.bmp 537 35.2007 27.885 7.31573
L_550.bmp 550 30.2671 30.182 0.0851154
L_554.bmp 554 35.9236 31.825 4.09857
L_557.bmp 557 35.0492 34.038 1.01125
L_560.bmp 560 38.4874 35.869 2.61845
L_565.bmp 565 38.7485 38.111 0.637516
L_568.bmp 568 39.8276 39.74 0.0876465
L_573.bmp 573 41.0207 42.082 1.06133
L_577.bmp 577 42.6289 43.86 1.23114
L_580.bmp 580 42.1689 45.788 3.61912
L_583.bmp 583 43.2227 48.292 5.06932
L_586.bmp 586 48.7785 51.908 3.12954
L_590.bmp 590 59.1057 53.99 5.11569
L_593.bmp 593 52.9645 56.011 3.04653
L_596.bmp 596 59.2081 58.059 1.1491
L_600.bmp 600 60.9471 59.98 0.967129
L_604.bmp 604 60.9234 61.898 0.974632
L_608.bmp 608 64.4236 64.229 0.194557
L_612.bmp 612 66.513 66.23 0.283012
L_614.bmp 614 62.9474 67.768 4.82064
L_617.bmp 617 71.8847 69.83 2.05466
L_621.bmp 621 63.6576 72.078 8.42041
L_625.bmp 625 71.333 74.252 2.91898
L_629.bmp 629 71.5984 75.763 4.16461
L_632.bmp 632 77.3267 77.789 0.462341
L_636.bmp 636 72.3169 80.103 7.78609
L_639.bmp 639 77.145 82.128 4.98304
L_643.bmp 643 78.9708 84.148 5.17716
L_646.bmp 646 78.0743 88.023 9.94867
L_649.bmp 649 78.2665 89.898 11.6315
L_261.bmp 261 -66.8299 -75.795 8.96507
L_263.bmp 263 -68.9372 -73.865 4.92777
L_266.bmp 266 -71.7097 -71.603 0.106743
L_268.bmp 268 -69.7802 -69.878 0.0977783
L_271.bmp 271 -64.0663 -68.199 4.13266
L_274.bmp 274 -64.4419 -66.176 1.73409
L_279.bmp 279 -64.8544 -63.854 1.00041
L_282.bmp 282 -59.8743 -61.853 1.97865
L_285.bmp 285 -64.9191 -60.225 4.69412
L_288.bmp 288 -54.9884 -57.991 3.00258
L_291.bmp 291 -52.8174 -56.181 3.36362
L_295.bmp 295 -54.747 -53.59 1.15701
L_385.bmp 385 -51.3787 -52.061 0.682323
L_387.bmp 387 -47.6433 -50.248 2.6047
L_391.bmp 391 -47.9598 -47.949 0.0108109
L_395.bmp 395 -40.1264 -45.842 5.71562
L_399.bmp 399 -42.4514 -43.932 1.48061
L_403.bmp 403 -37.4578 -41.997 4.53916
L_409.bmp 409 -35.296 -35.825 0.529007
L_411.bmp 411 -35.2524 -34.297 0.95536
L_414.bmp 414 -32.6854 -31.809 0.87639
L_418.bmp 418 -33.1706 -30.157 3.0136
L_423.bmp 423 -29.0847 -27.825 1.25971
L_426.bmp 426 -31.4875 -26.244 5.24349
L_428.bmp 428 -29.6713 -24.356 5.31535
L_430.bmp 430 -28.9154 -21.642 7.2734
L_431.bmp 431 -23.8598 -20.273 3.58676
L_435.bmp 435 -24.6924 -18 6.69237
L_438.bmp 438 -18.9956 -16.238 2.75759
L_442.bmp 442 -15.0498 -13.897 1.15283
L_448.bmp 448 -13.4347 -9.9064 3.52834
L_451.bmp 451 -8.85842 -8.4022 0.456223
L_455.bmp 455 -4.96688 -5.8191 0.852218
L_457.bmp 457 -2.66315 -3.8097 1.14655
L_461.bmp 461 0.0306627 -1.8743 1.90496
L_464.bmp 464 4.31084 0.16585 4.14499
L_466.bmp 466 4.77715 2.1051 2.67205
L_469.bmp 469 9.41458 5.8124 3.60218
L_472.bmp 472 13.7289 10.059 3.66985
L_476.bmp 476 15.4782 16.165 0.686762
L_479.bmp 479 17.1364 18.196 1.05959
L_483.bmp 483 19.7913 20.019 0.22773
L_489.bmp 489 27.2027 21.932 5.27074
L_495.bmp 495 22.3597 24.12 1.76032
L_499.bmp 499 23.0778 25.789 2.71125
L_504.bmp 504 24.4872 28.243 3.75585
L_507.bmp 507 28.2556 29.794 1.53842
L_511.bmp 511 33.0836 32.299 0.784565
L_515.bmp 515 36.942 33.978 2.964
L_519.bmp 519 37.2432 35.826 1.41716
L_524.bmp 524 36.9558 38.291 1.33523
L_527.bmp 527 39.8157 40.25 0.434269
L_531.bmp 531 40.2518 42.081 1.82917
L_535.bmp 535 42.3798 44.031 1.6512
L_539.bmp 539 45.6466 45.969 0.322422
L_543.bmp 543 49.0472 48.131 0.916191
L_545.bmp 545 48.6455 49.77 1.1245
L_548.bmp 548 50.6089 52.312 1.70309
L_550.bmp 550 51.1641 54.036 2.87189
L_552.bmp 552 56.9713 56.154 0.817333
L_556.bmp 556 58.7103 57.781 0.929272
L_560.bmp 560 60.9243 59.684 1.24026
L_563.bmp 563 59.4617 61.893 2.43126
L_566.bmp 566 59.4337 63.698 4.26427
L_568.bmp 568 66.7286 65.585 1.14362
L_570.bmp 570 68.1549 67.796 0.358856
L_574.bmp 574 65.097 69.787 4.68998
L_578.bmp 578 67.0596 72.153 5.09342
L_582.bmp 582 68.4439 74.015 5.57108
L_585.bmp 585 68.4429 76.247 7.80405
L_586.bmp 586 76.2178 77.787 1.56918
L_587.bmp 587 69.2781 79.979 10.7009
L_432.bmp 432 -63.1142 -79.915 16.8008
L_437.bmp 437 -58.711 -78.098 19.387
L_446.bmp 446 -47.2591 -76.034 28.7749
L_462.bmp 462 -57.5547 -73.908 16.3533
L_479.bmp 479 -55.4759 -72.059 16.5831
L_489.bmp 489 -57.3866 -70.08 12.6934
L_498.bmp 498 -55.8039 -67.956 12.1521
L_517.bmp 517 -53.228 -65.964 12.736
L_523.bmp 523 -53.9678 -63.988 10.0202
L_529.bmp 529 -53.7962 -61.94 8.14383
L_536.bmp 536 -52.0924 -59.859 7.76664
L_541.bmp 541 -46.1423 -58.009 11.8667
L_553.bmp 553 -49.8411 -56.016 6.17491
L_559.bmp 559 -43.8636 -53.999 10.1354
L_564.bmp 564 -42.2633 -51.923 9.65968
L_571.bmp 571 -43.641 -50.107 6.466
L_578.bmp 578 -41.2823 -48.033 6.75069
L_583.bmp 583 -40.5624 -46.204 5.64158
L_590.bmp 590 -39.9394 -43.986 4.04659
L_595.bmp 595 -35.5781 -42.107 6.52893
L_599.bmp 599 -36.2422 -40.028 3.7858
L_605.bmp 605 -34.4888 -38.003 3.51421
L_617.bmp 617 -31.3877 -36.037 4.64932
L_623.bmp 623 -31.9466 -33.899 1.95241
L_630.bmp 630 -30.1029 -31.887 1.78406
L_636.bmp 636 -29.0293 -29.998 0.968702
L_642.bmp 642 -27.056 -27.991 0.934978
L_650.bmp 650 -27.6026 -25.985 1.6176
L_655.bmp 655 -23.5081 -23.819 0.310942
L_664.bmp 664 -18.8253 -22.118 3.29267
L_672.bmp 672 -15.5688 -19.883 4.31422
L_675.bmp 675 -12.7096 -18.195 5.48544
L_684.bmp 684 -10.3933 -15.969 5.5757
L_689.bmp 689 -8.16459 -13.938 5.77341
L_694.bmp 694 -7.48412 -12.06 4.57588
L_701.bmp 701 -3.82668 -9.7944 5.96772
L_703.bmp 703 -2.51079 -8.2923 5.78151
L_707.bmp 707 -3.72518 -6.0809 2.35572
L_712.bmp 712 -3.06537 -3.8446 0.779231
L_716.bmp 716 0.466369 -1.7573 2.22367
L_718.bmp 718 6.21327 0.26286 5.95041
L_720.bmp 720 4.38907 2.0892 2.29987
L_725.bmp 725 9.51419 3.6853 5.82889
L_730.bmp 730 10.536 6.1123 4.4237
L_735.bmp 735 15.5209 8.111 7.40987
L_740.bmp 740 15.301 9.8124 5.48857
L_748.bmp 748 16.2867 12.093 4.19366
L_751.bmp 751 21.0516 13.613 7.43862
L_754.bmp 754 21.7181 16.025 5.69309
L_756.bmp 756 20.6873 17.633 3.05427
L_762.bmp 762 24.3089 20.108 4.20094
L_767.bmp 767 24.5438 22.131 2.41281
L_776.bmp 776 24.885 24.083 0.802029
L_785.bmp 785 32.1131 25.954 6.15912
L_794.bmp 794 30.1526 28.096 2.05661
L_798.bmp 798 33.0318 29.906 3.12581
L_802.bmp 802 35.5658 32.21 3.35579
L_809.bmp 809 36.6552 34.19 2.46524
L_817.bmp 817 37.6501 35.964 1.68614
L_822.bmp 822 38.9024 38.181 0.721367
L_835.bmp 835 37.9053 39.974 2.0687
L_843.bmp 843 39.2484 42.127 2.8786
L_853.bmp 853 39.8585 43.979 4.12051
L_864.bmp 864 39.4883 45.977 6.48874
L_877.bmp 877 40.9757 48.101 7.12526
L_887.bmp 887 44.1095 49.941 5.83149
L_895.bmp 895 45.9952 51.949 5.95382
L_903.bmp 903 43.094 53.965 10.871
L_911.bmp 911 47.3675 55.97 8.60247
L_918.bmp 918 48.7359 57.916 9.1801
L_936.bmp 936 50.0812 59.914 9.83285
L_944.bmp 944 52.0256 61.887 9.86142
L_950.bmp 950 57.4254 63.944 6.5186
L_959.bmp 959 58.1039 65.922 7.81805
L_966.bmp 966 60.1839 67.966 7.78214
L_973.bmp 973 65.6824 70.118 4.43556
L_981.bmp 981 70.2977 72.108 1.8103
L_986.bmp 986 70.3545 74.005 3.65046
L_1001.bmp 1001 70.8849 75.997 5.11212
L_1005.bmp 1005 71.986 77.842 5.85603
L_1014.bmp 1014 72.285 81.897 9.61199
L_231.bmp 231 -68.2883 -81.976 13.6877
L_245.bmp 245 -66.6669 -78.01 11.3431
L_254.bmp 254 -65.6988 -76.113 10.4142
L_262.bmp 262 -66.8867 -73.981 7.09429
L_266.bmp 266 -65.9262 -72.167 6.24079
L_275.bmp 275 -60.4977 -69.917 9.41933
L_278.bmp 278 -56.0952 -68.006 11.9108
L_291.bmp 291 -61.8006 -66.087 4.28639
L_304.bmp 304 -60.3002 -64.003 3.70282
L_314.bmp 314 -53.1035 -62.03 8.92647
L_321.bmp 321 -52.6743 -60.027 7.35269
L_329.bmp 329 -47.2482 -57.961 10.7128
L_344.bmp 344 -44.6983 -55.868 11.1697
L_347.bmp 347 -41.9537 -54.018 12.0643
L_356.bmp 356 -41.867 -52.056 10.189
L_363.bmp 363 -37.6996 -49.974 12.2744
L_370.bmp 370 -37.9121 -47.977 10.0649
L_383.bmp 383 -37.82 -45.887 8.067
L_391.bmp 391 -38.1411 -44.105 5.96392
L_409.bmp 409 -36.6381 -42 5.36186
L_415.bmp 415 -36.0684 -40.012 3.94357
L_421.bmp 421 -33.9529 -37.945 3.99206
L_424.bmp 424 -34.1328 -35.768 1.63523
L_425.bmp 425 -33.6166 -34.477 0.860413
L_428.bmp 428 -32.8025 -31.858 0.944487
L_449.bmp 449 -31.3693 -29.991 1.37826
L_462.bmp 462 -30.5202 -27.93 2.59022
L_477.bmp 477 -29.3312 -25.887 3.44423
L_486.bmp 486 -27.1129 -24.008 3.10488
L_494.bmp 494 -23.938 -22.204 1.73403
L_499.bmp 499 -17.8364 -20.053 2.21655
L_522.bmp 522 -13.1841 -17.831 4.64693
L_527.bmp 527 -14.104 -15.817 1.71297
L_541.bmp 541 -12.312 -14.047 1.73504
L_551.bmp 551 -10.0459 -12.011 1.96514
L_559.bmp 559 -5.57545 -10.044 4.46854
L_576.bmp 576 -2.40229 -7.5732 5.17091
L_581.bmp 581 -2.67911 -6.0426 3.36349
L_595.bmp 595 1.38377 -4.0137 5.39747
L_605.bmp 605 1.86091 -2.0921 3.95301
L_644.bmp 644 3.67121 0.14554 3.52567
L_652.bmp 652 4.43022 1.8819 2.54832
L_666.bmp 666 7.55372 3.9263 3.62742
L_675.bmp 675 17.1116 6.0786 11.033
L_688.bmp 688 17.2688 8.0872 9.18164
L_696.bmp 696 25.5755 10.021 15.5545
L_712.bmp 712 19.838 12.411 7.42697
L_722.bmp 722 27.1097 13.867 13.2427
L_730.bmp 730 28.0016 16.014 11.9876
L_738.bmp 738 29.616 17.766 11.85
L_758.bmp 758 29.5557 21.985 7.57067
L_767.bmp 767 30.9155 24.003 6.91247
L_782.bmp 782 28.9233 26.001 2.92227
L_798.bmp 798 35.9232 28.055 7.86818
L_812.bmp 812 34.4137 29.975 4.43871
L_827.bmp 827 36.7403 31.99 4.75029
L_841.bmp 841 38.6522 33.989 4.66318
L_850.bmp 850 38.5886 35.857 2.73159
L_859.bmp 859 42.2236 40.196 2.02761
L_875.bmp 875 43.2703 41.946 1.32425
L_889.bmp 889 45.0903 43.997 1.09333
L_908.bmp 908 45.2435 46.107 0.863529
L_913.bmp 913 48.8188 48.051 0.767807
L_920.bmp 920 49.1386 50.188 1.04935
L_933.bmp 933 52.793 51.998 0.795021
L_947.bmp 947 57.8808 53.936 3.9448
L_962.bmp 962 60.5991 56.05 4.54911
L_975.bmp 975 65.0567 58.126 6.93069
L_986.bmp 986 66.2542 60.441 5.81318
L_992.bmp 992 68.6777 61.864 6.8137
L_1001.bmp 1001 72.8955 64.055 8.84054
L_1007.bmp 1007 71.2411 65.987 5.25411
L_1012.bmp 1012 74.4973 67.88 6.61735
L_1035.bmp 1035 77.7143 69.682 8.03228
L_1047.bmp 1047 79.2785 72.018 7.26046
L_1054.bmp 1054 79.5407 73.905 5.63568
L_1066.bmp 1066 80.7238 76.127 4.59684
L_1074.bmp 1074 74.219 77.886 3.66702
L_1085.bmp 1085 75.0687 79.775 4.70632
L_1089.bmp 1089 77.9551 81.932 3.97689
L_1107.bmp 1107 74.0694 85.994 11.9246
L_212.bmp 212 -75.8711 -87.895 12.0239
L_222.bmp 222 -76.7849 -85.914 9.12914
L_231.bmp 231 -80.0729 -83.942 3.8691
L_255.bmp 255 -81.589 -82.065 0.476036
L_275.bmp 275 -73.6832 -79.904 6.22076
L_303.bmp 303 -78.0612 -78.173 0.111778
L_326.bmp 326 -75.5038 -76.01 0.506172
L_332.bmp 332 -77.0374 -74.012 3.02541
L_373.bmp 373 -70.8023 -71.959 1.15665
L_386.bmp 386 -68.8733 -69.924 1.05073
L_406.bmp 406 -67.3153 -68.003 0.687683
L_429.bmp 429 -63.551 -66.073 2.52201
L_473.bmp 473 -63.0766 -63.985 0.90836
L_505.bmp 505 -60.4697 -61.988 1.51827
L_514.bmp 514 -59.4249 -60.078 0.653133
L_536.bmp 536 -60.0573 -58.027 2.0303
L_556.bmp 556 -54.545 -55.979 1.43401
L_574.bmp 574 -49.1081 -53.972 4.86388
L_618.bmp 618 -50.1918 -52.057 1.8652
L_624.bmp 624 -46.66 -50.222 3.562
L_630.bmp 630 -44.274 -47.977 3.70298
L_639.bmp 639 -41.5177 -46.054 4.5363
L_646.bmp 646 -41.1096 -44.031 2.92139
L_653.bmp 653 -37.9826 -41.947 3.96439
L_673.bmp 673 -37.1894 -40.051 2.86162
L_683.bmp 683 -35.2161 -38.017 2.80094
L_691.bmp 691 -33.5367 -36.134 2.59728
L_710.bmp 710 -34.364 -33.996 0.367992
L_722.bmp 722 -31.5173 -32.026 0.508705
L_743.bmp 743 -30.3982 -30.042 0.356232
L_752.bmp 752 -28.8628 -27.978 0.884842
L_758.bmp 758 -29.3906 -26.047 3.34364
L_768.bmp 768 -26.6322 -23.87 2.76224
L_777.bmp 777 -19.1832 -21.936 2.75281
L_784.bmp 784 -17.7823 -20.065 2.28271
L_793.bmp 793 -18.2049 -17.972 0.232927
L_804.bmp 804 -15.4012 -16.039 0.637807
L_821.bmp 821 -15.6882 -13.934 1.75421
L_854.bmp 854 -11.2737 -11.961 0.68733
L_860.bmp 860 -8.46669 -9.9968 1.53011
L_866.bmp 866 -6.18805 -8.0722 1.88415
L_875.bmp 875 -3.68774 -6.0375 2.34976
L_894.bmp 894 -0.679231 -3.9485 3.26927
L_905.bmp 905 -1.04795 -2.0022 0.954247
L_921.bmp 921 1.16441 0.093292 1.07111
L_934.bmp 934 3.10394 1.9553 1.14864
L_957.bmp 957 6.84272 3.9558 2.88692
L_970.bmp 970 4.94107 5.9987 1.05763
L_977.bmp 977 12.0596 8.0767 3.98285
L_985.bmp 985 12.3518 10.02 2.33177
L_1007.bmp 1007 19.0687 12.007 7.06166
L_1024.bmp 1024 20.9505 13.986 6.96453
L_1043.bmp 1043 23.2706 16.063 7.20761
L_1053.bmp 1053 23.3762 18.034 5.34225
L_1069.bmp 1069 25.3889 19.999 5.38987
L_1091.bmp 1091 27.2845 21.89 5.39452
L_1096.bmp 1096 27.1718 23.965 3.20683
L_1106.bmp 1106 28.2734 26.042 2.23144
L_1113.bmp 1113 29.9742 27.936 2.03817
L_1120.bmp 1120 32.2025 29.913 2.28946
L_1130.bmp 1130 33.8998 32.12 1.77979
L_1142.bmp 1142 38.4285 34.04 4.38852
L_1151.bmp 1151 39.8615 36.03 3.83151
L_1171.bmp 1171 41.847 38.021 3.82604
L_1184.bmp 1184 42.3762 40.052 2.3242
L_1191.bmp 1191 42.1017 42.152 0.0502777
L_1203.bmp 1203 44.0036 44.071 0.0673943
L_1216.bmp 1216 47.6164 45.979 1.63742
L_1226.bmp 1226 48.0534 47.81 0.24337
L_1233.bmp 1233 48.9352 49.978 1.04278
L_1243.bmp 1243 50.2364 52.048 1.81155
L_1252.bmp 1252 55.2562 54.059 1.1972
L_1265.bmp 1265 54.984 56.07 1.08605
L_1274.bmp 1274 56.943 57.91 0.966995
L_1286.bmp 1286 60.6544 59.987 0.667442
L_1300.bmp 1300 61.5666 61.968 0.401379
L_1315.bmp 1315 62.8092 63.991 1.18185
L_1327.bmp 1327 67.6477 66.056 1.59167
L_1338.bmp 1338 65.1705 68.003 2.83253
L_1356.bmp 1356 67.2288 70.204 2.97519
L_1366.bmp 1366 68.9527 72.198 3.24531
L_1369.bmp 1369 73.0658 74.051 0.985245
L_1375.bmp 1375 72.8256 76.064 3.23843
L_1383.bmp 1383 74.7971 77.869 3.07191
L_1390.bmp 1390 77.3953 81.859 4.46375
L_1392.bmp 1392 80.3614 84.385 4.02364
L_1393.bmp 1393 82.5976 87.915 5.3174
L_1400.bmp 1400 69.38 89.981 20.601
L_293.bmp 293 -78.0939 -86.035 7.94115
L_300.bmp 300 -77.6597 -83.925 6.26534
L_307.bmp 307 -74.2566 -81.921 7.66444
L_314.bmp 314 -71.9454 -79.914 7.96856
L_322.bmp 322 -70.2551 -78.158 7.90285
L_330.bmp 330 -71.0618 -75.994 4.93221
L_340.bmp 340 -75.3258 -73.992 1.33383
L_349.bmp 349 -70.8199 -71.975 1.15507
L_358.bmp 358 -77.55 -69.967 7.58304
L_365.bmp 365 -74.9273 -68.083 6.84425
L_381.bmp 381 -69.6344 -65.927 3.70736
L_386.bmp 386 -65.7223 -63.986 1.73627
L_389.bmp 389 -65.9084 -61.904 4.00437
L_397.bmp 397 -66.2449 -59.943 6.30186
L_405.bmp 405 -63.2191 -58.148 5.07113
L_410.bmp 410 -61.0629 -55.985 5.0779
L_416.bmp 416 -56.8413 -54.071 2.77034
L_426.bmp 426 -55.5214 -52.017 3.50439
L_434.bmp 434 -52.4797 -50.104 2.37568
L_443.bmp 443 -51.9536 -47.991 3.96261
L_451.bmp 451 -48.2121 -46.038 2.17407
L_458.bmp 458 -46.9481 -43.997 2.95114
L_461.bmp 461 -41.6867 -42.192 0.505329
L_467.bmp 467 -38.6331 -39.956 1.32287
L_480.bmp 480 -36.3705 -37.934 1.56346
L_488.bmp 488 -35.886 -36.051 0.164997
L_495.bmp 495 -34.1374 -34.084 0.0534096
L_500.bmp 500 -30.7408 -32.203 1.46218
L_504.bmp 504 -30.1272 -30.304 0.176762
L_508.bmp 508 -28.0398 -27.953 0.0867558
L_517.bmp 517 -28.6925 -25.933 2.75945
L_519.bmp 519 -21.4731 -23.971 2.49795
L_525.bmp 525 -22.7698 -22.184 0.585768
L_531.bmp 531 -20.0312 -19.843 0.188171
L_535.bmp 535 -19.1106 -17.892 1.21861
L_542.bmp 542 -17.3319 -15.923 1.40886
L_549.bmp 549 -13.6179 -13.878 0.260079
L_556.bmp 556 -10.8844 -11.933 1.04862
L_566.bmp 566 -6.42782 -10.102 3.67418
L_576.bmp 576 -6.59718 -8.0053 1.40812
L_586.bmp 586 -1.74406 -6.0405 4.29644
L_602.bmp 602 -0.571199 -3.997 3.4258
L_608.bmp 608 2.88715 -1.7842 4.67135
L_610.bmp 610 5.25266 -0.24733 5.49999
L_617.bmp 617 4.86081 1.976 2.88481
L_624.bmp 624 9.73455 3.9495 5.78505
L_636.bmp 636 11.0146 5.9807 5.03392
L_646.bmp 646 18.099 8.0864 10.0126
L_656.bmp 656 14.7421 9.7531 4.989
L_666.bmp 666 19.6285 11.825 7.80346
L_679.bmp 679 22.7802 13.99 8.79016
L_687.bmp 687 20.556 16.084 4.472
L_697.bmp 697 25.3793 17.839 7.54027
L_706.bmp 706 25.9918 20.075 5.91684
L_713.bmp 713 24.2677 22 2.2677
L_728.bmp 728 24.6239 23.982 0.641941
L_738.bmp 738 27.9397 26.115 1.82472
L_750.bmp 750 27.7731 27.993 0.219866
L_762.bmp 762 33.0085 29.984 3.02452
L_773.bmp 773 36.2227 32.215 4.00766
L_782.bmp 782 38.7856 33.913 4.87264
L_785.bmp 785 41.6663 35.919 5.74732
L_792.bmp 792 41.8736 37.896 3.97759
L_799.bmp 799 42.0587 39.977 2.08168
L_807.bmp 807 47.7107 41.895 5.8157
L_812.bmp 812 52.6861 44.245 8.4411
L_817.bmp 817 55.3892 46 9.38917
L_823.bmp 823 55.7832 47.812 7.97123
L_834.bmp 834 63.1971 49.9 13.2971
L_836.bmp 836 66.8696 51.995 14.8746
L_845.bmp 845 66.1321 53.958 12.1741
L_851.bmp 851 72.1249 56.17 15.9549
L_857.bmp 857 74.6554 57.96 16.6954
L_868.bmp 868 73.9113 60.365 13.5463
L_873.bmp 873 76.5518 61.855 14.6968
L_879.bmp 879 75.0433 63.648 11.3953
L_882.bmp 882 76.3327 66.025 10.3077
L_892.bmp 892 82.3655 68.034 14.3315
L_900.bmp 900 83.1873 69.919 13.2683
L_902.bmp 902 80.5723 71.662 8.91029
L_903.bmp 903 80.4374 73.032 7.40543
L_904.bmp 904 81.1107 74.06 7.0507
L_915.bmp 915 83.6946 74.98 8.71464
L_918.bmp 918 83.4388 76.049 7.38984
L_925.bmp 925 81.8425 77.92 3.92252
L_936.bmp 936 85.5011 79.903 5.59812
L_942.bmp 942 86.2413 81.783 4.45829
L_131.bmp 131 -84.6462 -87.736 3.08977
L_134.bmp 134 -81.7552 -86.07 4.31484
L_141.bmp 141 -79.1992 -82.392 3.19275
L_145.bmp 145 -79.489 -79.89 0.400978
L_148.bmp 148 -79.8194 -78.382 1.4374
L_150.bmp 150 -78.9446 -75.949 2.99557
L_153.bmp 153 -79.1212 -73.981 5.14024
L_158.bmp 158 -72.6422 -72.028 0.614204
L_161.bmp 161 -73.9076 -69.672 4.2356
L_164.bmp 164 -73.5083 -68.118 5.39028
L_168.bmp 168 -69.6064 -66.229 3.37737
L_172.bmp 172 -69.2817 -64.111 5.17072
L_178.bmp 178 -60.5774 -62.177 1.59964
L_179.bmp 179 -61.6674 -60.191 1.47636
L_184.bmp 184 -58.69 -58.036 0.653957
L_199.bmp 199 -55.6323 -56.128 0.495689
L_203.bmp 203 -55.0681 -54.013 1.05505
L_206.bmp 206 -48.894 -52.281 3.38698
L_208.bmp 208 -47.466 -49.749 2.28296
L_214.bmp 214 -41.9236 -47.92 5.99641
L_218.bmp 218 -38.0171 -45.874 7.85687
L_222.bmp 222 -39.907 -44.113 4.20599
L_226.bmp 226 -37.2752 -42.116 4.84076
L_232.bmp 232 -35.7638 -40.181 4.4172
L_238.bmp 238 -30.5821 -36.047 5.4649
L_242.bmp 242 -32.8512 -34.091 1.23984
L_246.bmp 246 -31.029 -32.232 1.20296
L_250.bmp 250 -28.3095 -29.892 1.58253
L_254.bmp 254 -27.2902 -27.829 0.538759
L_258.bmp 258 -28.0846 -26.154 1.9306
L_264.bmp 264 -23.1166 -23.812 0.695417
L_272.bmp 272 -13.6847 -19.886 6.20134
L_279.bmp 279 -13.3691 -18.021 4.65192
L_286.bmp 286 -8.90046 -15.965 7.06454
L_290.bmp 290 -8.05186 -14.034 5.98214
L_291.bmp 291 -4.45236 -12.141 7.68864
L_296.bmp 296 -2.30652 -9.8916 7.58508
L_301.bmp 301 -3.35182 -8.0933 4.74148
L_306.bmp 306 -0.468516 -5.9597 5.49118
L_311.bmp 311 2.18599 -3.9414 6.12739
L_318.bmp 318 3.13135 -2.0092 5.14055
L_331.bmp 331 4.86953 -0.049218 4.91875
L_333.bmp 333 5.248 1.6325 3.6155
L_338.bmp 338 8.65936 3.8328 4.82656
L_344.bmp 344 9.86673 5.9631 3.90363
L_348.bmp 348 12.8363 8.08 4.75626
L_354.bmp 354 16.3658 9.9864 6.37938
L_361.bmp 361 14.7254 11.892 2.83339
L_367.bmp 367 12.9676 13.985 1.01739
L_375.bmp 375 19.7827 15.883 3.89967
L_384.bmp 384 22.2188 17.987 4.23176
L_392.bmp 392 23.3478 20.156 3.1918
L_396.bmp 396 28.479 21.96 6.51901
L_414.bmp 414 27.2323 24.199 3.0333
L_418.bmp 418 28.1264 26.244 1.88236
L_422.bmp 422 31.6033 28.162 3.44133
L_429.bmp 429 36.1263 29.95 6.17632
L_434.bmp 434 34.7947 31.944 2.8507
L_443.bmp 443 36.5012 34.209 2.29219
L_447.bmp 447 37.199 35.891 1.30804
L_451.bmp 451 38.1835 37.916 0.267544
L_467.bmp 467 42.454 41.95 0.504047
L_470.bmp 470 41.2676 44.037 2.76938
L_475.bmp 475 42.0792 46.062 3.98277
L_478.bmp 478 43.3729 48.043 4.67014
L_481.bmp 481 45.7503 49.865 4.11473
L_484.bmp 484 47.5785 51.735 4.15652
L_488.bmp 488 53.4226 54.277 0.854427
L_491.bmp 491 53.0479 55.778 2.7301
L_494.bmp 494 57.449 57.703 0.253983
L_496.bmp 496 65.277 60.167 5.11005
L_500.bmp 500 64.2463 62.14 2.10631
L_503.bmp 503 65.1611 64.263 0.898132
L_507.bmp 507 68.2701 65.978 2.29206
L_514.bmp 514 72.8896 68.05 4.83963
L_516.bmp 516 72.8708 69.792 3.07882
L_520.bmp 520 74.5818 72.278 2.30378
L_522.bmp 522 64.3996 73.541 9.14143
L_525.bmp 525 71.3666 78.014 6.64741
L_527.bmp 527 52.8114 81.858 29.0466
L_236.bmp 236 -77.6693 -90.151 12.4817
L_239.bmp 239 -77.7564 -88.155 10.3986
L_251.bmp 251 -76.1795 -86.346 10.1665
L_256.bmp 256 -76.2164 -83.628 7.4116
L_259.bmp 259 -77.8365 -80.027 2.19053
L_261.bmp 261 -77.9692 -78.139 0.169838
L_266.bmp 266 -74.3377 -73.883 0.454697
L_268.bmp 268 -71.045 -71.691 0.646019
L_271.bmp 271 -68.1359 -68.268 0.132133
L_274.bmp 274 -66.7156 -65.625 1.0906
L_276.bmp 276 -65.4104 -63.766 1.64439
L_280.bmp 280 -62.3774 -57.975 4.40239
L_290.bmp 290 -57.4821 -56.182 1.30006
L_292.bmp 292 -55.7106 -53.985 1.72559
L_295.bmp 295 -46.5108 -50.339 3.82822
L_298.bmp 298 -43.635 -48.086 4.45098
L_301.bmp 301 -43.3741 -45.966 2.5919
L_315.bmp 315 -41.55 -43.944 2.39397
L_319.bmp 319 -40.4939 -41.945 1.45114
L_323.bmp 323 -38.7439 -40.155 1.41114
L_326.bmp 326 -34.1269 -37.785 3.65807
L_329.bmp 329 -35.2269 -36.028 0.80114
L_332.bmp 332 -34.2328 -33.57 0.662796
L_339.bmp 339 -30.3931 -32.297 1.90393
L_342.bmp 342 -30.2248 -30.156 0.068819
L_346.bmp 346 -29.1932 -27.882 1.31119
L_348.bmp 348 -27.5456 -26.355 1.19061
L_351.bmp 351 -27.3504 -23.885 3.46535
L_354.bmp 354 -22.9708 -21.951 1.01981
L_356.bmp 356 -20.6902 -20.393 0.297201
L_359.bmp 359 -14.7396 -17.561 2.8214
L_361.bmp 361 -13.5904 -15.999 2.40861
L_369.bmp 369 -13.829 -14.033 0.20398
L_373.bmp 373 -10.9742 -12.143 1.16878
L_377.bmp 377 -7.06244 -9.7718 2.70936
L_380.bmp 380 -5.78737 -8.1464 2.35903
L_384.bmp 384 -2.65205 -5.7355 3.08345
L_401.bmp 401 -1.95941 -3.9603 2.00089
L_411.bmp 411 1.31331 -2.006 3.31931
L_426.bmp 426 2.97408 0.41134 2.56274
L_427.bmp 427 3.47853 1.6809 1.79763
L_430.bmp 430 4.30384 3.8896 0.414236
L_434.bmp 434 4.55525 5.9095 1.35425
L_440.bmp 440 7.02705 8.3941 1.36705
L_451.bmp 451 6.48364 10.224 3.74036
L_454.bmp 454 9.50278 12.252 2.74922
L_457.bmp 457 12.9176 14.112 1.19442
L_465.bmp 465 13.4153 15.987 2.57168
L_478.bmp 478 21.4799 18.21 3.26995
L_480.bmp 480 22.1989 19.841 2.35789
L_482.bmp 482 31.2218 21.956 9.2658
L_484.bmp 484 30.2721 23.663 6.60905
L_488.bmp 488 32.1947 28.014 4.18071
L_490.bmp 490 36.453 29.983 6.47001
L_492.bmp 492 37.5113 32.399 5.11234
L_495.bmp 495 38.143 34.196 3.94698
L_505.bmp 505 39.0316 36.125 2.9066
L_506.bmp 506 37.5274 37.559 0.0315971
L_508.bmp 508 37.9367 39.786 1.84933
L_510.bmp 510 41.9856 42.022 0.0363617
L_512.bmp 512 42.927 44.405 1.47804
L_513.bmp 513 43.9294 45.597 1.6676
L_517.bmp 517 46.683 50.222 3.53899
L_518.bmp 518 48.3702 51.621 3.25082
L_522.bmp 522 55.8468 54.173 1.67381
L_524.bmp 524 57.5429 55.796 1.74686
L_530.bmp 530 54.5047 57.845 3.34029
L_533.bmp 533 61.8833 60.196 1.68725
L_535.bmp 535 64.1469 61.772 2.37494
L_538.bmp 538 65.8457 63.866 1.97966
L_541.bmp 541 65.2226 65.979 0.756363
L_544.bmp 544 69.4216 68.111 1.31057
L_557.bmp 557 70.817 69.661 1.15603
L_560.bmp 560 73.7047 72.34 1.36471
L_561.bmp 561 74.5272 73.692 0.83519
L_564.bmp 564 73.833 75.756 1.92303
L_566.bmp 566 76.4942 77.729 1.23483
L_569.bmp 569 79.1462 79.752 0.605797
L_572.bmp 572 78.4381 82.035 3.59691
L_574.bmp 574 81.7386 83.887 2.14835
