-63.0417
-62.3271
-63.0138
-59.7219
-62.5548
-54.548
-56.8858
-54.6406
-47.2546
-47.8502
-41.6274
-39.3429
-38.3769
-37.5606
-36.3227
-34.7464
-33.2726
-31.7492
-31.5297
-28.4521
-29.1067
-29.794
-23.283
-15.3818
-14.641
-10.7535
-8.11403
-5.45855
-2.18827
0.545931
1.61145
3.5486
6.3461
8.67952
11.6195
14.6679
17.4464
18.2738
19.2378
21.5067
22.896
37.2135
25.3098
33.8647
33.7086
36.652
37.3629
36.6827
37.7132
38.1557
39.2315
41.0586
43.6942
47.0889
47.9376
55.7257
44.307
55.7093
58.9841
60.7835
61.9503
63.2524
70.3406
70.2507
67.7135
74.5996
76.3883
75.1842
75.9384
76.273
77.3667
-81.7918
-81.1813
-74.3819
-79.6204
-78.8255
-78.5842
-73.6896
-72.6619
-70.7497
-63.7199
-63.2531
-63.6584
-59.903
-53.8714
-59.4161
-60.5782
-57.9321
-58.4973
-56.5792
-53.7396
-54.2891
-53.0635
-49.6033
-47.9256
-41.2102
-38.6006
-37.9923
-34.9627
-34.7118
-32.6697
-35.1999
-31.4003
-30.0683
-28.8189
-27.8843
-28.1324
-20.7363
-16.8733
-14.6748
-7.89123
-4.7578
-1.61027
-0.700232
1.42822
-0.286735
5.6633
5.36119
11.3263
14.1085
14.3777
16.1199
17.3306
18.0482
20.2774
22.867
23.4417
25.5451
25.3912
30.1199
33.676
32.3714
36.034
38.4036
40.9682
42.985
43.1976
44.97
45.2683
46.6493
46.0938
46.708
46.9516
45.7831
48.1316
51.5407
53.1661
51.1136
50.5222
51.3903
50.7395
72.5912
72.5853
79.1268
77.8746
81.3357
82.4556
83.3632
83.4284
-80.8044
-76.3197
-74.525
-62.3322
-68.1703
-67.7084
-66.1664
-66.43
-60.6029
-62.1707
-55.3678
-59.0564
-55.6918
-55.9319
-49.2377
-46.1463
-42.9975
-39.4738
-38.1564
-38.0409
-33.7472
-32.1004
-33.0476
-32.0693
-25.0791
-24.2051
-18.931
-17.3581
-11.0579
-8.72616
-6.13986
-4.16821
-2.65961
-0.104822
-0.0196814
2.91852
4.39095
7.3912
10.5902
12.7406
14.5974
15.8124
18.341
19.8855
20.1751
20.5958
23.7735
24.8353
29.7764
30.9939
36.4121
37.257
37.2023
39.554
41.1687
40.2041
46.0542
49.6899
46.7895
49.0206
50.9325
61.9688
61.4259
64.1813
61.1314
60.9047
66.2553
61.7694
72.8085
71.7848
78.0965
63.8264
74.8467
-54.0111
-68.8771
-67.7566
-64.7766
-66.4842
-61.0122
-60.2929
-51.3303
-47.2937
-43.3021
-40.2009
-30.3673
-31.2779
-17.33
-14.0946
-12.3521
-4.97018
-3.50586
-1.20484
2.58154
13.4507
16.1531
17.1705
18.6238
19.7096
21.759
25.812
26.2671
38.8695
38.9854
39.6833
60.2478
61.5801
59.9789
61.9119
65.7526
70.844
66.9868
68.9931
70.6485
74.3134
72.2748
-79.5076
-77.9713
-77.371
-75.7591
-75.013
-70.8025
-67.6157
-62.7102
-62.4474
-60.9737
-56.5393
-55.1914
-51.3953
-48.7353
-45.0723
-44.035
-37.2313
-36.0978
-35.1163
-33.8537
-32.5516
-31.4514
-32.0712
-30.1121
-29.5971
-27.0546
-11.1109
-6.0232
-4.41527
-4.41223
-0.569575
-1.09826
1.56561
2.69791
3.70521
15.7318
20.9
22.4115
25.881
26.1899
26.1852
28.2836
31.2858
35.4447
38.829
39.6267
41.6471
42.0944
45.0203
59.3982
58.3904
71.1624
73.8164
74.0091
77.2747
78.1494
75.9655
78.1438
46.9985
83.1195
8.01977
-73.04
-74.1136
-68.9404
-70.6028
-66.7299
-65.7764
-64.2231
-64.6623
-63.6488
-62.8351
-61.9932
-59.2963
-41.7551
-43.5647
-42.3237
-37.4278
-38.5259
-37.4275
-32.679
-28.751
-22.9447
-16.5334
-14.2678
-12.1701
-10.2429
-8.72315
-4.54287
-5.48302
-1.15346
1.23719
1.77143
1.84474
3.95388
6.31491
7.96921
8.75151
14.8799
15.3903
18.7241
18.3376
19.4087
20.6216
20.4798
22.4956
24.5921
30.8994
40.2431
41.2885
45.1801
47.3373
52.5452
57.6795
62.562
62.7071
65.0057
64.3309
62.8777
68.7306
73.6479
72.3675
-74.0404
-71.2614
-67.5913
-69.6362
-66.8269
-69.4415
-68.1554
-58.9183
-55.8169
-53.6172
-51.9393
-45.7006
-46.2591
-45.885
-40.3648
-30.8344
-16.5577
-10.2964
-2.46981
-1.46399
-0.214639
3.60966
7.1911
6.92675
12.0611
16.0783
26.8225
33.1063
37.2802
38.9507
40.2652
41.9499
41.6541
42.2347
42.9588
43.7484
48.5524
49.7723
62.9844
66.857
71.0348
78.6288
77.7408
78.7018
83.061
62.6669
77.3269
73.9718
68.7866
68.8183
65.4079
63.2976
53.5632
41.6934
40.6405
39.631
36.531
25.3316
24.8323
22.367
21.3308
19.3226
17.9975
15.6539
10.7893
7.16033
2.93769
2.29954
1.21582
-5.45736
-4.01712
-4.79854
-7.09498
-9.55709
-10.5956
-11.7683
-16.9431
-23.7349
-32.3782
-30.9424
-42.3238
-58.888
-59.2849
-60.3059
-52.753
-81.3442
-81.393
-82.9244
-83.6335
-83.9833
-77.9296
-77.449
-76.0509
-70.9826
-72.7403
-71.4212
-70.8947
-66.5109
-65.7018
-61.944
-60.9702
-59.9711
-59.6304
-36.0977
-10.7086
-9.4733
-2.65283
-4.46555
0.488301
2.94286
5.38263
12.7463
12.6357
11.7882
16.1173
18.1802
22.5185
27.1779
29.9364
31.2093
36.3142
38.7596
40.4473
42.5861
48.2032
47.814
50.7104
56.3395
71.9552
77.7744
79.9879
79.5337
81.3643
82.7335
81.5948
48.6624
76.148
79.5336
75.7371
68.9156
67.2959
67.3974
59.6063
55.9649
57.5271
50.4781
48.333
48.1685
45.3903
43.3118
41.4696
39.6397
38.8843
38.4125
32.9791
32.4099
27.4561
23.8713
20.6277
21.0708
18.6876
19.0489
15.6225
13.8572
11.9063
11.0663
7.76559
1.92402
0.85779
-1.32427
-6.07483
-5.89574
-7.38472
-11.472
-14.7341
-27.804
-26.3663
-29.6069
-31.763
-33.8457
-33.9455
-33.8336
-36.7055
-38.7723
-41.3956
-49.1128
-53.5404
-56.9054
-59.745
-62.003
-57.8461
-59.6341
-67.0098
-67.6312
-67.4115
-69.2092
-69.2704
-71.3427
75.5526
68.5002
75.0341
70.6934
72.8404
74.5162
77.4755
75.776
74.2284
67.1509
74.1313
74.1696
70.7671
69.3698
64.119
58.0413
39.9204
42.0388
48.5563
44.3639
43.0237
41.0435
39.3254
37.787
37.4438
36.1339
32.9183
26.7011
23.046
21.8366
12.6535
9.35779
4.63853
0.385356
-0.517806
-2.92955
-4.92365
-7.53244
-9.50671
-11.2988
-13.63
-13.6858
-19.402
-25.0758
-30.6033
-31.2482
-31.4068
-34.3114
-32.2402
-33.1699
-36.4713
-35.7225
-39.036
-40.1783
-41.5423
-46.1426
-53.7696
-58.003
-62.0861
-60.7151
-61.7481
-63.3808
-65.6994
-62.4849
-66.2885
-69.7296
-70.1222
-70.7562
-73.81
-75.1087
-75.6538
-76.4407
81.6955
81.0482
79.7775
76.3431
73.7657
72.5802
72.0702
69.7491
66.6656
67.0302
65.6923
60.542
59.489
54.9659
53.0281
48.278
45.6893
46.0942
40.8444
36.5379
35.0064
26.009
26.7689
21.1351
23.3649
16.1915
13.649
19.7918
17.4825
12.7791
7.69816
11.6677
8.41965
12.8672
8.33658
5.10296
4.31885
1.77368
0.0543651
0.468089
-1.48805
-4.39875
-5.75214
-4.86591
-14.7353
-8.8156
-17.5979
-18.4911
-22.8066
-26.1953
-29.9784
-31.9846
-34.4472
-34.7752
-33.7276
-38.2466
-41.3478
-43.9022
-46.5132
-50.7967
-55.3213
-51.5498
-53.1896
-53.2258
-53.6796
-54.814
-58.2859
-66.239
-65.782
-70.1187
-70.5816
-73.5776
69.0876
30.4998
73.6487
50.4965
71.6276
64.0444
37.1066
48.8924
52.5151
9.45109
41.2296
26.084
36.9595
39.378
37.3887
39.8711
41.2544
38.1202
38.8728
40.5186
38.3981
37.7729
37.5546
34.954
30.9933
26.8879
26.9453
11.7892
3.17957
-1.09219
-5.56213
-10.8562
-10.1946
-21.2399
-29.4852
-33.233
-33.1271
-33.4709
-35.7306
-38.1396
-41.2205
-42.8632
-44.6282
-44.1733
-45.3169
-46.1834
-48.6223
-56.0717
-58.4061
-58.1622
-61.0157
-66.5777
-69.0235
-73.4126
-74.9807
-75.2008
-75.6717
-78.1514
79.7198
78.8524
67.7643
74.0952
74.9172
72.7081
72.0362
69.1368
70.8717
67.1284
66.4532
55.9969
60.8113
54.4506
54.4993
50.1091
49.2138
43.4056
43.3689
39.2161
38.6397
38.3758
37.1984
34.3028
35.8487
35.8505
32.3798
28.4491
26.3678
23.7099
22.3115
20.364
18.5828
18.0159
16.466
15.1585
8.2775
7.05763
6.72729
5.5306
3.09739
0.96615
-1.08274
0.121565
-2.60697
-2.84872
-4.1129
-4.39387
-4.87012
-6.8208
-12.3592
-16.87
-18.4523
-20.7083
-21.6658
-25.896
-28.2239
-30.6972
-31.3967
-32.2441
-34.9348
-36.5983
-35.3058
-36.6936
-37.5912
-41.0451
-45.2378
-47.138
-46.5906
-50.5626
-51.253
-51.4019
-52.879
-55.6068
-59.9157
-58.8097
-58.6645
-74.3342
-72.3194
-78.4027
-75.8211
-78.4637
-81.6083
-81.0159
-79.9024
-81.6453
-80.9194
-77.1725
-72.6914
-75.1154
-67.4729
-63.4493
-65.5154
-57.9953
-43.2768
-50.8909
-51.9584
-49.4304
-46.8812
-35.5403
-44.3382
-41.2699
-41.9253
-38.8438
-34.1666
-33.9797
-31.3051
-31.1833
-27.1767
-27.2068
-23.4343
-16.0931
-16.6528
-12.0517
-9.84331
-7.67278
-8.62063
-6.73219
-4.34221
-1.44706
-1.10855
2.80624
7.19517
7.52666
12.0976
14.0425
17.0947
18.4389
19.8817
20.4994
21.9072
26.1322
28.1077
26.0399
32.4473
40.0989
39.6149
39.3746
41.1365
41.3283
43.113
42.8148
45.2849
43.1173
49.0436
49.2873
57.5522
56.7437
59.7782
61.4112
60.144
58.2005
66.0826
60.8452
63.6938
68.2753
68.2024
74.3917
62.3727
69.707
72.99
67.4703
-80.2348
-80.4921
-78.5313
-79.3381
-74.3121
-74.4744
-71.8037
-71.6412
-64.1721
-63.0912
-60.9634
-57.8335
-52.5982
-51.2615
-48.4827
-48.0283
-44.0756
-45.1239
-40.482
-37.1583
-37.1908
-35.1548
-34.5009
-34.548
-32.9015
-31.0689
-29.983
-25.6587
-29.0955
-17.1676
-15.6641
-14.8289
-14.9996
-10.2538
-12.8732
-6.97412
-2.53392
0.664006
2.55045
2.14804
2.83205
3.15479
4.30624
5.80897
8.95046
8.81857
11.4199
14.1224
15.7603
16.7576
17.6701
17.9269
19.337
20.6607
22.264
24.5984
23.6181
25.8403
35.2151
35.9239
38.2299
39.4141
40.4372
40.0903
42.6792
46.3945
46.0507
45.8046
52.7812
49.8465
53.2951
56.096
56.6198
58.7088
66.0808
66.5099
68.8293
66.707
65.5074
68.4157
70.5484
72.9488
75.4953
78.0238
77.1123
-81.2504
-79.6218
-79.6093
-79.0852
-79.4912
-78.568
-73.5351
-74.1234
-72.2064
-70.1244
-71.7253
-66.6993
-63.4296
-62.4237
-61.5092
-59.4848
-56.4016
-53.976
-53.6578
-50.5735
-46.3565
-43.3162
-44.4949
-42.8561
-39.5518
-39.6374
-39.8786
-34.8962
-32.771
-32.6314
-32.0885
-32.6689
-31.9017
-31.0791
-27.1656
-23.0619
-18.0731
-16.1961
-12.2215
-11.1051
-8.47382
-5.04823
-5.71147
4.65563
7.42691
8.54299
11.2703
14.6392
15.8743
17.941
19.9717
21.4635
22.6396
24.8665
25.6249
36.2657
32.0692
35.5355
36.3994
37.8323
39.328
41.5077
40.9912
42.0053
42.8355
42.5355
42.938
42.6926
42.9763
48.4306
48.3736
54.0699
52.6019
58.9343
69.0759
68.9466
69.3898
71.0695
74.7822
79.5548
76.1595
62.4596
81.3018
81.7747
-81.2003
-81.5016
-82.7709
-74.1432
-72.7995
-69.5069
-69.699
-64.5675
-64.8787
-65.2914
-64.3939
-63.073
-60.7195
-60.4599
-58.3142
-52.6207
-55.7769
-48.6035
-50.308
-45.5748
-41.744
-36.7458
-35.4243
-34.9267
-32.5839
-29.7373
-27.9091
-21.4188
-21.8782
-17.0873
-14.0642
-12.4583
-10.0337
-8.30907
-6.7473
-2.14063
-3.87652
-0.453151
2.37034
5.1659
10.0749
12.484
15.7146
18.8142
22.0501
21.8377
22.2058
23.746
25.1664
25.0972
24.3718
28.2791
29.8555
35.2878
35.7179
35.6245
36.8597
36.3807
38.4993
38.6165
40.8421
41.1805
46.107
43.58
50.1348
55.6411
56.4331
61.0957
59.7948
65.9062
67.2495
69.5532
69.9657
65.1455
72.883
71.9824
72.6739
77.5726
78.2089
-79.0514
-78.7382
-76.6929
-76.1721
-75.6726
-73.7032
-71.5055
-73.5018
-69.9535
-66.0912
-72.0887
-68.0883
-61.9616
-64.1558
-56.8325
-54.4385
-53.6681
-49.6482
-47.5939
-43.7073
-41.2217
-39.9188
-38.9875
-35.696
-34.6922
-33.6716
-34.5945
-32.2848
-31.9284
-26.0309
-30.5387
-18.8896
-17.2836
-23.3196
-14.5997
-11.1105
-10.606
-7.4393
-6.96071
-5.04726
-1.79623
0.750696
0.874537
5.6295
7.21478
9.8756
14.7934
15.7667
20.885
21.2603
23.217
25.8206
23.6474
26.3188
27.5785
33.3799
37.2524
39.2503
40.1463
39.9341
40.8425
42.7853
44.0301
49.182
51.8787
58.907
60.9876
63.0151
67.5933
68.7973
72.4051
74.6091
73.7354
78.5744
78.2609
78.565
78.1315
81.9037
83.8515
83.8882
84.074
78.3808
82.3723
81.1418
82.5753
81.0983
-81.9603
-81.7004
-81.4985
-81.5366
-77.0864
-72.1766
-78.4407
-68.9899
-71.3451
-73.5792
-67.2456
-71.0081
-67.5527
-69.4948
-64.3929
-62.0434
-55.7902
-52.7626
-52.0702
-49.9069
-48.1848
-45.5802
-46.4056
-43.5627
-44.1945
-40.1365
-38.9533
-35.3899
-32.3325
-24.2428
-29.8448
-26.1183
-18.5783
-14.592
-13.1411
-12.2308
-10.4183
-10.0959
-4.60415
-4.29325
-1.73066
0.784468
1.37166
2.73508
7.08237
8.86243
10.3558
15.6298
16.9308
19.4725
20.6076
21.0151
22.6125
24.085
23.9259
28.4959
30.2399
34.6888
35.7965
37.0555
39.0394
39.1768
42.3729
43.4733
46.1082
51.1805
54.1669
51.903
57.2589
63.6033
69.2618
71.2168
72.6613
75.0846
76.8198
77.338
77.6262
81.7767
81.2952
82.2553
-68.658
-73.6873
-64.3549
-61.5236
-64.878
-62.5481
-62.0823
-58.7433
-63.6282
-60.7542
-50.7491
-59.5447
-57.1265
-54.0639
-50.5836
-48.1721
-43.9863
-41.7233
-41.7593
-39.3794
-36.9311
-35.5282
-35.9299
-35.032
-33.6226
-31.8602
-32.3324
-26.7069
-25.9343
-17.5849
-17.2444
-13.7446
-10.0711
-9.14392
-5.7816
-2.69483
-1.45333
-0.155257
5.546
5.36556
9.53505
9.9182
10.6058
13.6822
16.6047
19.3928
22.1018
23.1424
25.6478
28.8986
27.7438
36.0967
35.8732
37.7355
34.6293
38.8421
39.9724
40.8783
42.8617
42.4658
42.5397
44.7731
50.8582
56.3093
57.325
61.7858
61.9862
64.15
60.7064
58.8824
59.548
67.3127
67.8435
70.9246
77.4027
75.9486
76.9159
79.3144
80.2679
79.5686
78.4375
-67.1719
-68.0261
-70.803
-68.0231
-66.7824
-58.6364
-64.7813
-60.7451
-62.6379
-54.6
-50.7597
-51.2795
-51.4762
-46.2752
-46.8326
-41.7945
-42.1805
-37.5195
-35.2877
-35.5339
-33.5765
-32.8957
-30.3064
-30.9898
-31.1754
-29.7106
-23.8065
-24.7811
-16.8705
-16.2847
-12.875
-9.41002
-4.78087
-2.22933
-0.745959
5.05545
4.4956
10.8802
11.7273
17.9679
20.093
19.7494
28.783
22.7858
24.6054
24.2402
32.2266
35.8148
36.4517
38.5243
38.9797
41.0671
43.8872
45.8231
47.6387
50.608
50.31
53.9071
53.8463
55.4582
56.1157
58.9625
58.8105
65.2838
66.5959
65.9838
70.3823
67.7206
69.4398
66.4044
75.3331
73.3037
-65.0157
-61.4481
-47.3695
-54.461
-50.5613
-58.4293
-57.6132
-52.4478
-52.1631
-53.5179
-49.408
-47.2399
-51.2631
-43.0137
-43.6219
-40.8075
-41.3793
-38.3994
-38.6919
-36.7369
-35.3694
-33.7624
-31.905
-26.3599
-29.9137
-29.0975
-29.0774
-29.5339
-22.4825
-20.7097
-19.4787
-14.0542
-10.3348
-7.22578
-7.28235
-4.15098
-4.74038
-1.49089
0.99735
3.15419
6.9674
7.59591
11.3006
13.1199
17.9785
16.9201
17.7046
20.1773
19.2351
22.9903
23.8563
23.1528
23.871
26.7488
28.7779
30.6151
35.6169
36.3349
37.8095
39.6707
39.2751
39.991
40.5818
40.6164
44.1086
45.037
46.7482
43.1856
50.7209
50.324
52.2542
53.5157
56.4544
58.9776
59.5569
60.0789
68.8289
70.674
72.9047
70.9298
70.0334
-65.1344
-64.181
-63.969
-65.1221
-65.2532
-63.4836
-55.3341
-60.4631
-59.7393
-54.535
-54.2002
-49.5058
-46.444
-45.136
-44.11
-39.8197
-39.6126
-38.3934
-37.3963
-37.9605
-35.6266
-33.7864
-35.0289
-33.3882
-32.437
-31.2878
-30.7479
-26.8837
-28.2093
-28.5859
-21.4508
-18.1763
-12.7962
-11.277
-9.29702
-6.94838
-2.73246
-1.22435
2.49038
5.38812
7.55004
9.13861
13.8066
19.2031
21.6279
22.0619
23.4064
25.0005
25.9323
26.5196
27.2531
30.5644
33.6849
34.8326
28.9626
37.6368
40.4815
40.7194
41.5567
43.3931
44.8186
45.5831
47.3892
49.448
53.6703
56.9713
64.0895
60.0227
68.1405
73.2785
74.462
65.5379
77.2632
78.0137
78.2202
76.3262
81.4853
75.9303
73.4262
82.8432
76.5791
-71.0659
-72.5827
-79.5631
-80.2023
-75.3698
-76.4823
-75.2917
-73.6212
-69.4839
-68.1751
-64.5227
-62.5831
-61.5017
-59.3834
-57.9313
-57.2428
-53.6207
-54.0689
-49.9753
-49.4841
-44.4552
-41.1708
-40.4807
-41.3678
-39.4064
-36.3748
-35.383
-34.2419
-31.3093
-32.4669
-30.8485
-29.9698
-28.4572
-25.2204
-21.8255
-18.7045
-16.5399
-14.8242
-12.4833
-9.44361
-4.18843
-3.46721
-1.25358
1.51122
3.40123
5.02869
6.80942
9.40919
15.8054
18.0014
19.6016
21.5943
22.6099
22.9318
24.5191
26.4794
26.3503
28.4769
29.7393
30.5016
33.4269
36.1384
39.8967
40.52
41.9203
43.228
43.856
44.1512
45.2523
48.4829
49.0553
51.6055
53.7904
57.526
60.7272
59.6053
67.6369
69.9032
66.8704
68.0042
71.0982
72.421
73.5575
75.1069
77.5856
78.793
83.8638
79.792
-79.896
-76.4288
-74.5012
-73.63
-73.6845
-73.2768
-72.9045
-71.614
-71.197
-70.3802
-67.8326
-66.8621
-64.5803
-63.7642
-60.8585
-61.3413
-54.6548
-55.5867
-52.788
-57.5187
-49.9041
-46.7379
-39.7208
-36.4638
-35.6751
-34.5623
-36.045
-31.6444
-32.4689
-30.6513
-28.5999
-23.8302
-23.255
-26.6806
-19.1638
-12.1136
-13.5697
-10.4644
-7.91059
-5.61062
-2.09798
0.163197
1.71434
5.01305
10.1622
14.8693
18.674
19.2273
18.9501
21.1387
20.5208
23.1956
23.3109
24.8069
25.4838
25.1223
27.7352
26.9293
29.6649
33.773
38.6321
41.168
43.5944
46.7265
49.9208
54.6195
57.2598
57.9187
64.042
67.2321
66.8962
71.6285
73.5399
74.4089
75.4027
76.409
79.5121
79.8973
81.2324
82.0737
82.2068
80.8861
83.5537
83.7981
83.4643
84.1812
84.7754
-82.1022
-79.5235
-77.9548
-78.0458
-78.1314
-72.8537
-75.205
-73.719
-74.8
-67.35
-70.341
-64.4703
-60.7453
-60.2609
-57.4078
-57.3384
-55.2664
-52.9679
-49.0275
-42.7058
-39.5134
-39.3701
-39.3399
-33.7332
-31.3398
-31.1832
-30.9314
-30.5156
-28.0345
-27.6374
-23.6965
-15.7196
-14.2417
-11.5145
-8.9617
-5.74345
-4.28896
-2.92998
-1.31805
2.48964
2.97942
4.82088
8.82757
10.4509
12.3483
16.7327
18.1247
19.6666
19.8096
19.3035
24.2875
23.6395
29.2976
28.9056
29.9955
30.8102
33.3467
31.7676
38.6518
42.0843
37.9839
43.701
43.4473
42.6881
49.4041
43.968
48.0673
52.8054
48.8665
51.7808
58.8092
63.069
63.3187
64.9961
67.6652
70.0658
73.4547
73.5556
74.7199
64.8922
-79.2058
-75.8082
-75.1666
-73.2099
-78.077
-78.4094
-73.3737
-72.8506
-67.6606
-65.4924
-63.2167
-58.0739
-54.7769
-51.312
-46.165
-44.0004
-41.7963
-39.3401
-37.9275
-38.8072
-37.2334
-37.8618
-37.0267
-33.3993
-32.2684
-28.512
-29.8357
-27.765
-17.1337
-23.5806
-14.5268
-15.6109
-14.8268
-7.70143
-4.32199
-3.2472
-1.75917
-0.601676
2.28258
2.46133
2.47401
5.37522
6.03846
5.27925
8.38598
9.22593
13.2565
14.2298
19.7296
18.6622
23.6269
26.5816
30.9592
37.5187
39.4621
38.0043
38.4706
38.367
39.1737
42.0393
41.2768
42.677
46.996
48.7528
48.2518
53.7559
59.0771
61.36
64.4628
66.0486
67.5857
69.2545
71.6428
72.6536
72.6458
72.9682
75.0475
77.1874
77.7476
80.3967
