-64.7938
-62.977
-65.7163
-61.7033
-58.7954
-56.5735
-53.3302
-52.1002
-46.487
-46.2049
-40.9605
-38.4667
-40.4534
-37.2261
-35.7504
-34.6351
-33.8905
-32.8078
-32.0244
-30.6214
-28.4636
-30.0602
-25.7208
-12.8586
-16.6786
-10.1947
-5.89458
-3.32449
-0.29697
2.83943
3.02581
4.86191
8.18725
10.0479
12.103
13.2834
17.3493
18.0873
18.4622
22.1092
22.5092
31.1133
33.5913
33.1552
36.9376
37.1876
37.1791
37.3447
37.8166
39.156
41.0107
42.5076
45.007
47.3228
52.3189
54.0567
46.6781
61.6033
62.099
62.8683
65.0724
62.5038
71.7705
71.1131
71.8684
75.7498
73.44
72.5315
74.3097
74.0803
78.798
-82.2119
-80.7252
-70.142
-79.078
-78.686
-78.1906
-73.3265
-69.9896
-69.1713
-63.3701
-68.1943
-63.2296
-63.1548
-53.7531
-60.0282
-62.3239
-58.0186
-58.2357
-56.551
-52.4455
-52.0899
-51.4702
-47.2478
-44.0279
-39.3075
-38.5911
-38.1858
-36.1041
-34.3131
-32.5522
-30.9226
-31.7681
-31.2248
-30.7345
-28.9437
-24.913
-16.49
-21.1067
-11.7897
-7.20521
-3.20772
-0.837705
0.520854
-0.239743
0.576962
5.75617
6.87658
9.72488
14.2273
15.6831
16.4835
17.589
19.9543
20.9028
24.8191
23.9916
26.5956
26.5236
32.2815
34.0662
34.4114
37.961
40.6077
40.0462
43.3539
43.7091
44.3165
46.0815
46.4476
47.4279
46.532
47.3907
47.9645
45.5851
56.2766
49.8931
51.7616
51.5478
55.373
51.7971
72.0725
76.9954
78.1903
78.7922
80.2272
82.479
83.6748
83.0481
-78.4443
-74.8434
-75.0418
-65.5052
-66.2879
-67.9017
-62.9459
-64.9617
-64.2388
-57.0972
-57.9376
-54.2779
-51.4958
-53.28
-48.342
-45.0109
-45.185
-39.5513
-36.8351
-38.7385
-34.2048
-32.1244
-32.869
-31.1054
-21.9519
-23.4
-20.3263
-20.6763
-9.52579
-8.14114
-6.35945
-2.99152
-2.12154
0.0672036
0.697033
3.92227
5.23405
6.85107
10.5964
14.1609
14.15
16.2777
18.912
20.9672
21.3417
21.4219
23.7822
25.4319
26.2005
33.4317
36.9024
37.9946
38.0563
40.9521
42.1748
40.9414
44.7702
43.6297
44.5104
47.6088
53.9387
63.6832
59.7721
61.1905
61.8415
66.4897
59.5284
65.7024
64.7378
67.9729
72.2688
68.6045
75.8711
-57.8124
-68.577
-68.4416
-65.1478
-65.1334
-61.2604
-59.4349
-56.7671
-48.0553
-44.1102
-41.1576
-33.6059
-31.6621
-18.6563
-14.1251
-12.1331
-5.12975
-3.56798
-3.17817
1.57578
15.2883
15.5558
17.6711
19.1901
19.414
21.3195
27.9324
25.8921
38.582
38.7908
40.8397
58.6036
61.4032
64.988
65.5804
66.1303
66.8237
71.1353
69.8261
73.4436
70.0154
73.2113
-79.1206
-77.4478
-76.1296
-74.4887
-73.5416
-68.4236
-68.2732
-61.2021
-63.8203
-57.2491
-58.4807
-56.2525
-50.5464
-46.6663
-43.2697
-41.9977
-36.3051
-37.1783
-35.0656
-33.7957
-32.3643
-32.8235
-31.4454
-28.1865
-28.6524
-27.4877
-9.02807
-4.05877
-5.30125
-3.39705
-0.0105372
0.780085
2.16452
2.32412
3.46359
16.4912
21.67
23.4394
26.3856
26.3445
26.8071
32.3154
34.415
37.4358
39.8835
40.0123
40.9006
43.1595
43.658
60.9142
64.9751
69.6858
74.1611
73.9373
72.6432
75.9614
77.6738
76.1692
75.8459
82.153
6.73059
-74.2547
-73.4541
-69.241
-69.9389
-67.8052
-65.8874
-64.5698
-65.1324
-60.447
-62.3448
-60.7887
-58.1165
-45.7206
-43.264
-41.2892
-36.2152
-38.3016
-36.1102
-32.0751
-22.5285
-25.7854
-18.1808
-15.3368
-12.3718
-10.1059
-8.445
-6.66711
-3.92075
-3.82786
0.0857124
3.729
1.33817
2.62113
7.38892
10.0021
10.3115
15.3473
16.5916
18.0731
18.8726
19.8425
20.9475
21.8957
23.3803
24.6101
29.4646
40.7674
41.6114
44.9878
48.1578
53.3507
58.563
61.69
58.3532
63.432
66.1637
65.7874
69.3392
69.656
71.2174
-76.4859
-70.5587
-68.0774
-70.788
-67.7135
-68.6791
-64.4769
-57.6011
-56.0163
-51.9637
-50.7682
-45.3209
-46.3046
-47.8432
-42.4847
-31.7521
-11.5415
-7.69175
-2.22485
-0.128271
0.110214
-1.33493
6.06624
4.7467
10.82
18.0837
29.6733
37.3234
37.8421
40.0728
40.5127
41.4841
42.3273
41.9149
43.2853
43.8276
44.8915
49.1421
58.1166
65.5959
74.9913
76.9408
76.6226
78.7253
83.389
64.0867
77.715
73.7438
67.9979
66.3927
66.5078
60.3955
58.2978
42.0076
40.2863
40.0385
37.1905
26.1573
25.7242
23.161
20.8815
19.3292
17.9088
15.9045
12.4953
9.75289
5.39189
1.68731
0.652674
-1.97295
-5.30324
-6.17148
-8.98154
-9.0964
-6.73521
-14.4756
-18.4341
-21.135
-31.7463
-33.772
-43.8594
-60.837
-59.4485
-63.6121
-45.4494
-80.4231
-80.0135
-82.4291
-83.2784
-82.5648
-76.5225
-73.8615
-73.0318
-76.0014
-68.671
-67.6009
-69.7825
-63.112
-64.9512
-58.5021
-62.2581
-58.2417
-56.2999
-34.4136
-10.2896
-7.43359
-4.63815
-0.506201
0.50637
3.30772
4.9717
10.6062
12.5688
14.9793
15.2187
18.7056
23.3246
26.1591
29.6524
35.023
36.9635
38.9182
39.8984
42.347
47.586
48.0595
49.4598
55.4214
71.4352
75.8805
78.8304
79.6298
77.5518
80.5456
77.2531
34.6146
79.1467
74.327
73.0152
73.2041
66.0946
63.7395
58.8822
60.8763
56.4799
51.2314
50.2579
49.7469
45.7141
42.2406
42.3497
39.592
39.2569
37.9503
34.4821
32.8749
27.9314
24.0127
23.1772
21.3913
19.3227
21.0922
15.8391
14.5783
12.7875
11.2398
9.65354
4.47784
0.75542
-1.52461
-3.22554
-7.1875
-9.02411
-11.0547
-13.1881
-28.1847
-25.1852
-32.0696
-33.7403
-34.1434
-34.2424
-35.1573
-36.5563
-39.9055
-44.1405
-48.7413
-52.6943
-58.1298
-57.2991
-59.0376
-56.2831
-55.8585
-67.195
-65.0919
-64.097
-68.5166
-67.7951
-74.8901
74.2408
38.0757
75.3232
72.2484
72.3931
73.8654
72.8082
75.2874
66.1268
68.9511
73.1158
70.5708
62.1501
63.176
61.7024
61.439
39.3672
40.7685
47.7915
43.4524
43.0025
40.4225
39.9894
37.7663
37.3978
36.2313
32.1247
31.4995
22.7033
22.6146
14.1566
10.3328
4.01952
2.98075
-0.600243
-0.535141
-3.50135
-5.58169
-9.13102
-11.197
-13.7749
-15.2512
-17.4447
-22.669
-30.9952
-31.1594
-31.9184
-32.6245
-32.4337
-32.4581
-34.6196
-34.9726
-37.0178
-40.0419
-41.7188
-45.7373
-56.5931
-54.5947
-59.8606
-57.9652
-59.538
-62.3587
-64.3304
-62.6751
-66.3733
-67.6571
-70.0024
-71.3012
-73.4285
-72.8488
-74.7304
-75.8947
80.8009
80.8521
78.3251
74.3943
72.8785
71.4555
70.2459
70.5252
66.9993
63.854
63.4445
59.6323
58.6165
53.5657
52.029
52.0008
46.6875
45.1886
39.4502
35.2801
36.6007
29.1504
23.6145
19.8212
22.1586
22.9551
14.2593
14.8569
14.6977
10.4785
11.8531
10.007
8.18555
8.29663
6.91165
6.09841
3.60787
1.70919
0.164847
1.22627
0.316886
-2.4892
-4.00609
-5.61646
-19.0832
-7.32963
-14.6673
-22.1255
-24.8535
-28.0975
-31.5863
-33.0881
-33.7997
-34.4609
-36.8286
-38.2581
-40.0753
-42.2305
-47.2704
-50.6475
-55.5629
-48.4098
-51.1947
-52.13
-48.8362
-54.1714
-54.8979
-64.3153
-64.3483
-65.1636
-70.1908
-74.8294
73.3398
44.6898
73.8294
74.842
59.4663
73.6256
56.0173
58.9907
38.4085
47.5073
8.37028
24.2409
47.6645
41.7165
41.6649
23.3813
35.1106
32.0614
37.3355
39.1672
39.2412
38.1339
37.8838
35.092
28.8326
28.0496
27.7604
12.3469
4.78934
0.410832
-3.4182
-10.1519
-9.93473
-20.1652
-30.6723
-29.5774
-33.6068
-34.6679
-34.8974
-36.8539
-42.1474
-43.7392
-43.9128
-45.5446
-44.9896
-46.0894
-47.6168
-57.599
-59.3252
-61.7023
-63.7843
-65.0094
-67.1348
-71.4171
-73.966
-74.9192
-75.6364
-76.756
79.3364
78.3718
66.8879
75.9282
73.8405
73.8595
72.87
68.1321
71.0574
64.6066
68.0659
60.5903
61.8888
54.1146
48.5357
46.6177
46.427
43.845
41.4439
40.5932
38.4975
38.267
37.0793
31.6636
36.4919
31.2396
29.4748
30.015
27.6046
24.8212
23.4511
21.4287
20.1958
19.0168
16.9241
14.8636
12.7511
11.0255
6.35229
2.88481
2.19253
3.14576
0.64154
-0.552172
-2.60609
-3.03275
-4.40056
-7.48351
-7.94172
-4.69965
-14.9944
-14.7682
-25.5238
-26.1485
-22.552
-28.7948
-28.0477
-29.7414
-29.0017
-33.2327
-35.1122
-39.4283
-35.0028
-35.2769
-37.7859
-39.6394
-45.1459
-47.2858
-43.4228
-51.2788
-50.7194
-52.3868
-55.2682
-55.0118
-58.0103
-58.6357
-60.4427
-70.6926
-72.2885
-77.8446
-69.7851
-75.6055
-80.3905
-80.6729
-79.8531
-82.9293
-80.7229
-78.6433
-73.0968
-71.617
-64.5828
-63.1644
-65.697
-59.3442
-51.3861
-52.2363
-51.7529
-49.6988
-44.9789
-22.658
-43.0656
-40.8174
-41.8118
-34.6299
-39.1786
-41.0293
-29.4996
-31.3597
-29.4912
-28.1506
-23.5413
-14.9711
-15.711
-11.0975
-8.47073
-7.41196
-7.42398
-7.44292
-4.94925
-0.935891
0.816946
3.89281
9.0378
10.3378
12.2948
14.7448
17.5785
20.4437
20.0202
20.5462
21.2421
26.2793
31.4206
27.2489
40.8262
40.632
40.0201
40.3254
40.5322
41.208
41.7122
43.561
45.1804
42.5878
45.9659
48.7728
56.3318
54.852
58.1941
60.9611
63.9568
57.9142
62.9072
65.1052
68.9286
65.582
68.1169
73.3556
68.6054
67.8802
72.4261
70.4429
-80.293
-80.4761
-79.8849
-79.1806
-74.9194
-73.5703
-68.5777
-70.2758
-62.2566
-60.5873
-59.2041
-54.3486
-51.015
-49.8418
-47.4273
-46.0298
-48.5933
-46.7338
-39.5217
-38.1994
-37.7401
-34.8809
-34.0057
-35.4855
-34.4796
-31.9722
-29.8924
-28.3374
-29.9363
-18.9931
-17.0474
-15.5737
-12.4081
-10.1698
-10.3677
-5.70451
-5.57116
-2.83629
1.80645
3.29546
3.00081
4.32592
5.39755
7.07226
9.19564
11.7501
12.5102
14.4142
16.0001
16.6926
17.2682
19.4071
20.9772
21.4861
24.0956
25.8337
25.1406
27.1517
32.285
37.9977
39.1367
41.1718
42.338
42.1419
41.0067
48.3411
48.8903
45.3636
45.63
46.7287
46.4889
48.4569
56.3296
56.7764
60.5229
66.2839
67.8072
65.7255
66.6918
65.5797
68.6863
71.7387
76.0846
77.545
76.0955
-80.5175
-79.7581
-79.1756
-79.226
-79.427
-78.1147
-75.0843
-74.1914
-71.9242
-68.4066
-70.5429
-67.5356
-63.319
-61.2583
-61.0259
-58.7214
-56.1759
-52.9269
-51.5777
-49.3086
-45.4475
-43.4727
-44.6616
-43.1218
-40.8001
-45.7496
-41.9557
-34.6911
-34.028
-32.2727
-32.1653
-31.8918
-30.648
-31.0341
-23.7263
-17.4789
-20.9283
-13.6639
-12.6533
-10.186
-9.40908
-6.41534
-1.97841
3.82996
6.08813
10.8138
11.7614
13.494
15.5683
18.4127
20.4677
21.6112
23.11
28.0494
24.9846
30.7755
30.851
36.2618
35.9015
38.8306
40.2653
41.159
41.5383
41.9154
42.8231
42.0067
42.6817
43.1459
43.765
48.6833
46.7277
56.3046
54.4168
62.4719
68.4317
66.415
69.1107
68.8943
74.6474
78.0119
78.7238
53.728
79.1673
81.7973
-81.2841
-82.3261
-82.6993
-74.2072
-71.155
-71.2577
-65.966
-67.2709
-66.7449
-63.597
-64.563
-60.7247
-61.7922
-58.561
-60.1079
-48.2746
-49.9509
-46.3714
-50.2254
-46.0673
-42.614
-37.086
-34.8525
-33.785
-31.9676
-29.4885
-27.7834
-19.2969
-18.0319
-22.6907
-14.6221
-11.5336
-10.4149
-7.31975
-3.6845
-3.30304
-2.20364
1.30871
3.0853
7.15642
9.78875
14.2783
15.5709
21.117
21.1954
23.2263
23.1685
23.9041
24.5415
24.9748
24.9024
32.8872
34.1777
35.4406
36.5996
35.7939
38.2343
37.1488
38.1641
39.2086
41.0037
41.5162
44.907
47.7425
47.2093
51.3408
60.1366
60.7028
65.2685
65.9935
68.1754
69.4356
70.1987
70.794
73.6213
70.7318
73.7765
77.9293
81.5687
-79.3437
-79.5243
-77.2006
-78.6724
-74.9408
-74.9862
-67.6496
-68.7649
-70.8805
-65.9877
-71.1764
-64.4662
-61.82
-61.3493
-60.1496
-56.4734
-53.9534
-49.9818
-46.6914
-46.5041
-43.4507
-41.1662
-39.6812
-38.4186
-36.3276
-35.4804
-32.6069
-32.7927
-31.8852
-30.9131
-30.3358
-24.2703
-19.2684
-23.7078
-15.2227
-10.938
-10.4677
-6.98446
-6.42791
-5.53856
-1.60402
-0.111347
-0.0167598
4.43161
7.40649
11.7476
14.8506
15.8544
20.3326
22.2627
24.0316
26.1175
26.2478
26.8096
31.8971
33.6916
36.8906
39.2491
40.0809
39.7243
41.4367
40.0361
44.1202
47.1006
49.9387
57.3168
58.0349
63.1667
65.8738
68.9146
71.8866
72.9946
73.8983
78.0151
78.2489
77.4885
77.3546
81.0065
84.2371
82.5599
84.1678
80.521
83.9399
80.5055
84.936
84.2815
-81.8264
-81.7921
-81.3989
-81.6684
-75.9803
-70.5724
-76.452
-74.5264
-69.3472
-71.2773
-66.8412
-70.064
-66.6151
-67.9706
-65.512
-62.2558
-58.0859
-55.9233
-50.2602
-50.8467
-48.9265
-47.6057
-47.7416
-46.4026
-44.2722
-38.5811
-38.7167
-34.1404
-33.3239
-29.1828
-26.9815
-30.5276
-17.6448
-13.9585
-13.3828
-11.198
-9.27048
-8.03905
-4.75566
-2.63083
-0.462481
0.0985969
2.82003
4.71277
5.53701
8.7187
12.4184
16.9857
18.4965
19.4746
21.4687
21.7362
23.2117
23.7885
26.8487
27.2439
28.8087
34.3268
35.4032
38.3341
40.3022
39.6268
43.2435
43.7942
46.4997
49.9572
54.3186
59.6761
60.4325
69.9146
68.7384
66.8801
76.0308
72.7676
74.9972
75.1741
77.8633
82.2028
80.8112
81.9416
-69.3398
-72.8466
-64.7649
-62.8563
-64.0884
-63.9622
-63.1073
-61.0528
-63.1248
-62.1024
-43.4983
-58.8794
-57.141
-51.6124
-51.0397
-46.5071
-43.9369
-40.7877
-42.8074
-40.8194
-38.0585
-36.1214
-36.5048
-35.6699
-32.6163
-31.355
-29.1599
-27.3723
-23.436
-23.3194
-13.0334
-16.3765
-9.79358
-9.3647
-6.82653
-2.96034
-0.964005
3.08162
4.88692
6.6883
6.04899
9.79966
12.0457
13.5599
15.7043
19.3002
19.9573
24.7615
24.7445
29.7438
29.5041
35.0677
37.4057
36.0695
33.9341
40.1413
40.383
41.6392
42.1346
43.4936
42.5362
45.1269
46.4992
53.3591
52.9237
54.8726
56.1469
58.7118
60.7855
57.3889
59.6626
64.0704
60.5242
70.7214
72.807
77.2562
74.4784
81.111
77.3615
78.9379
72.9275
-66.5191
-67.1215
-68.7242
-65.6075
-64.9042
-56.4086
-64.0418
-60.2656
-60.1862
-51.2114
-47.2097
-49.0164
-50.652
-46.9469
-47.5605
-41.7491
-43.4563
-37.6887
-34.7597
-34.9319
-33.7634
-33.9483
-31.9645
-32.4808
-31.3932
-30.025
-21.0525
-25.4455
-13.6007
-19.9137
-13.593
-7.12759
-2.66188
-0.868166
1.01575
4.88656
9.23672
11.0934
13.8386
19.3766
21.0734
19.8488
27.6828
22.8963
24.27
24.8318
27.0265
31.5586
35.7325
39.4297
37.35
44.1833
45.333
48.2105
49.8058
49.6369
49.9195
52.0374
53.2804
55.279
58.8529
62.8575
61.2237
66.4195
66.5033
67.8398
69.6683
65.4802
64.1075
70.3158
74.3057
70.8987
-63.2712
-58.5471
-49.7313
-53.8178
-54.6059
-52.3942
-56.976
-51.4084
-50.0647
-52.0486
-48.969
-45.3919
-51.6304
-42.7102
-40.7258
-42.3659
-38.2986
-38.2828
-35.6207
-35.5662
-33.492
-32.9025
-33.1639
-33.0069
-30.4206
-29.8967
-29.4758
-28.9038
-25.2049
-17.1302
-16.2852
-10.6436
-8.99415
-7.90211
-5.77855
-4.05726
-4.03723
-0.589764
2.79145
5.12805
8.59066
10.1167
11.3009
14.4626
17.977
15.9267
18.3958
22.6422
22.8626
23.1852
25.1601
24.0232
24.1383
35.6005
30.9988
32.7806
36.3265
37.0082
37.7245
39.5077
41.9035
41.2547
41.2111
41.5295
45.0871
44.2267
44.534
46.9974
51.0977
50.3927
52.0922
52.4636
57.1262
59.1936
62.3627
60.0786
70.1528
69.5312
73.0035
71.957
75.2415
-66.0311
-65.9407
-63.6323
-61.1664
-64.878
-61.3289
-54.2893
-60.3473
-59.0336
-52.135
-54.1335
-48.4605
-45.3631
-43.5912
-43.0397
-38.9419
-38.0457
-37.7617
-36.4963
-37.5026
-37.4673
-33.3428
-33.0613
-33.741
-33.8686
-31.6968
-31.2628
-28.9963
-29.8681
-29.7379
-25.3711
-22.4356
-15.4505
-13.9533
-8.78125
-6.20086
-1.46556
1.2824
4.71282
6.7677
9.88329
11.0788
15.6496
18.9786
21.7423
26.2329
24.9508
25.2711
26.73
27.6165
27.9528
31.184
32.3413
34.869
29.7443
37.0664
39.8496
40.4143
41.8506
44.6936
43.7638
44.5325
46.4913
49.078
52.2104
57.9345
60.1774
64.3568
65.8633
72.2601
74.2605
72.6779
75.5864
78.4409
78.1713
79.0892
79.6709
80.8957
75.4036
82.2599
76.1977
-75.6149
-72.0823
-79.8418
-76.5953
-72.0863
-76.3427
-69.5511
-71.5971
-67.2984
-67.764
-62.6661
-62.984
-61.6917
-59.929
-59.0336
-57.4406
-54.0622
-52.1526
-49.2381
-45.5579
-44.9682
-46.1431
-41.0062
-43.4098
-40.1626
-36.8728
-35.8538
-34.7523
-32.8903
-32.8032
-31.1959
-28.8933
-29.3125
-28.0511
-17.238
-17.6253
-19.0913
-13.0806
-12.5056
-8.02234
-3.39079
-1.48066
0.650752
3.91439
5.37621
6.75093
9.49497
13.0779
18.3525
19.4214
21.0462
21.8284
23.4946
24.022
25.5829
26.7341
26.7023
28.4834
30.539
31.6084
35.8246
38.1564
39.0659
40.3626
41.9244
42.91
43.6338
44.717
46.0015
47.2274
47.5872
49.66
51.5643
57.3282
60.0654
62.6526
62.0259
64.9496
66.8883
71.033
68.1278
72.9709
73.1888
75.0033
77.8365
80.8345
84.1936
60.4144
-78.3438
-74.2526
-74.4647
-72.4426
-72.4111
-72.3854
-72.7586
-72.6055
-73.8665
-69.0267
-67.6615
-66.1141
-65.0616
-62.8809
-61.3058
-59.808
-53.0167
-56.1674
-54.5904
-54.3592
-49.0779
-44.7369
-37.5879
-35.9979
-34.1898
-34.4241
-35.7782
-31.9805
-33.2256
-31.3131
-30.7966
-25.5404
-25.6471
-27.9194
-18.6583
-10.9852
-10.3362
-9.10489
-5.77701
-6.45745
-2.09643
1.59821
4.36714
5.53447
11.4194
15.2009
17.1691
19.4555
21.484
19.8963
21.0887
25.7544
24.949
25.8287
26.0189
26.2915
26.9139
27.3821
29.9768
31.9531
37.8318
41.0767
43.781
46.064
48.4252
54.7561
55.8982
57.8209
63.9505
67.607
68.7688
70.6954
72.8673
75.301
74.8439
77.3542
77.9243
80.1741
79.7082
80.6118
81.9735
81.0912
83.8937
82.8371
82.7069
84.7762
84.2936
-81.3365
-78.8795
-78.3647
-78.9894
-77.2934
-71.544
-75.3261
-71.3857
-72.9753
-65.0038
-65.9868
-62.852
-59.9315
-59.3441
-60.0747
-56.3469
-53.7736
-49.7155
-47.3365
-41.8239
-39.7625
-37.5771
-37.7809
-34.1037
-31.3597
-30.661
-30.3159
-29.9067
-28.4935
-25.9507
-26.2135
-15.2543
-14.1458
-10.5609
-9.53424
-7.07814
-3.43692
-3.39146
-0.151404
3.82846
3.82019
6.11266
10.2426
8.344
14.5193
18.6987
19.1794
19.3294
20.0509
21.6465
24.0566
24.3144
28.3643
28.549
29.1839
29.0608
31.7659
33.3498
40.0565
40.1093
42.008
45.2412
46.008
45.0914
48.9207
46.7765
48.0215
48.9154
48.9083
53.6754
58.5194
57.9349
64.4963
66.9415
68.8567
71.9558
71.3939
74.6858
68.3789
59.0012
-77.8189
-73.4784
-74.9414
-73.262
-77.2938
-78.3216
-72.6012
-71.8454
-67.3766
-65.4609
-61.394
-56.461
-52.3649
-49.3797
-43.8931
-42.7605
-41.7001
-38.1513
-39.6067
-37.5948
-37.4145
-37.0826
-35.8741
-33.7935
-33.2891
-30.2531
-30.0579
-29.6151
-19.1023
-19.1056
-16.8439
-13.8046
-10.4364
-8.252
-4.40813
-3.2612
-1.84377
-1.44672
0.945406
2.6261
3.25596
2.90525
4.3923
6.78326
6.97862
9.6056
15.7082
14.5083
18.3155
22.6484
24.3879
27.8508
33.8142
38.6056
40.5823
38.995
38.9378
39.5454
38.9229
41.2252
42.1694
41.8095
46.1259
47.4214
49.6561
52.3723
55.2314
58.1655
61.5839
64.6253
64.9906
68.3632
72.4196
73.2153
73.1484
74.3203
75.6368
78.0546
78.5583
81.4313
