-65.407
-62.7346
-67.2332
-61.4414
-62.5003
-55.1137
-52.3074
-53.9806
-49.1473
-50.7412
-43.1078
-41.3652
-39.6534
-38.1071
-35.8591
-33.9916
-33.5813
-31.4881
-30.642
-26.0795
-26.4942
-28.5522
-18.9215
-14.868
-12.9279
-11.8205
-8.33212
-6.33897
-3.76678
-2.337
3.21619
4.66808
3.11637
6.32844
9.44155
11.4508
16.0551
15.7806
16.8899
19.9827
22.1691
35.6384
34.2456
29.5668
37.4187
36.5436
37.5623
37.211
37.7044
37.7414
39.3186
40.5358
44.1872
43.4233
50.2709
52.9594
45.4854
55.2104
57.7812
66.6172
60.6405
63.4694
69.4102
69.2522
72.1039
74.4649
74.6181
69.252
75.1138
74.3499
76.6381
-81.7251
-82.7521
-74.6543
-81.1995
-80.1668
-80.1913
-76.1137
-69.9609
-71.6114
-65.8772
-67.969
-63.5104
-62.4679
-59.5688
-61.3754
-62.7046
-59.1114
-61.7449
-58.8131
-54.9557
-56.7616
-52.2011
-48.9063
-47.6692
-39.5201
-38.8705
-39.9885
-36.3475
-33.118
-32.8972
-33.0071
-29.783
-27.0379
-28.4978
-28.3713
-23.5546
-15.4162
-18.9399
-11.5208
-6.82173
-5.12243
-2.21015
-2.03949
-2.86281
-2.92325
4.9834
5.90551
7.3062
11.8306
12.4281
15.3187
16.6502
17.4975
19.5326
21.6868
22.5614
24.8301
24.8046
28.4201
33.1541
35.8105
39.5579
41.3358
42.8479
46.7068
43.9856
43.8587
44.1634
45.3611
45.8408
43.8802
46.8673
46.3309
47.4254
50.0055
50.5785
51.6921
48.1841
51.7105
55.5779
72.7484
73.0627
79.3376
77.9067
80.6743
82.5397
83.4995
82.8685
-78.8093
-74.529
-77.6232
-58.4427
-65.6581
-68.4126
-68.0345
-64.6766
-64.7305
-60.4358
-52.5871
-55.9025
-57.7403
-56.4547
-52.6112
-48.8873
-42.0599
-43.2984
-38.2522
-38.5915
-33.7351
-32.097
-32.6032
-28.7222
-20.5618
-18.4664
-15.5227
-15.7022
-10.6131
-8.70649
-7.68036
-4.33032
-3.75737
-1.86132
0.547839
3.662
3.73567
8.3467
11.5806
12.1915
12.4245
14.9223
16.9971
18.745
18.1847
19.8759
20.7305
23.2598
30.2614
33.7966
35.1369
36.8382
37.4258
38.3128
40.1548
40.5594
43.3219
43.6554
50.1212
53.9978
56.2804
67.4757
63.9825
64.8745
61.6032
64.0118
70.2275
68.5079
71.09
75.0445
78.5582
66.99
76.5501
-61.204
-68.0581
-68.6209
-64.9932
-65.0716
-61.4265
-57.7988
-51.3983
-46.9873
-42.5302
-39.939
-32.0174
-27.3168
-20.3961
-16.5573
-13.7623
-5.61392
-2.29544
-0.36532
1.88929
13.8736
15.1875
17.2703
18.7994
19.0801
20.9918
25.7828
27.1919
37.5307
41.4967
42.2643
58.5798
60.4857
60.0449
61.7146
65.0201
68.5403
68.4596
68.6874
71.4967
72.6616
73.0084
-79.1038
-76.366
-76.4328
-74.1752
-73.9112
-72.1984
-67.8107
-63.5703
-61.8323
-60.8752
-59.6745
-58.3058
-52.7464
-49.1339
-46.8096
-45.1474
-36.7418
-35.1251
-35.5818
-33.6231
-32.5711
-32.1701
-30.5468
-30.4205
-26.0257
-19.3709
-12.7386
-6.50024
-6.96834
-7.42658
-2.97343
-2.84448
1.62769
3.04204
4.63757
15.5558
19.8466
20.7688
24.7486
25.1143
24.9032
31.1971
32.1411
36.2005
37.5863
38.6001
40.6338
41.4323
44.9503
63.6461
60.5288
74.5876
71.7546
76.7695
74.7424
78.8301
78.6231
75.484
78.2029
83.6407
28.9687
-72.3581
-70.8
-68.7038
-68.3738
-66.287
-66.3672
-65.5077
-63.0799
-61.6198
-62.0014
-60.4418
-59.011
-45.6255
-46.1312
-44.8732
-40.1187
-39.6536
-36.1993
-34.3768
-25.5492
-25.1023
-16.7673
-13.4937
-13.0539
-11.0239
-9.62139
-5.97388
-3.09442
-1.12823
-0.578135
-0.491065
1.99834
3.16053
4.66058
6.94057
7.46279
13.7974
14.0467
18.1895
19.1123
18.8741
20.6249
20.3886
21.0732
22.3838
28.4952
39.3999
40.1886
44.2193
47.7513
53.7829
57.0962
63.666
61.4176
64.4005
64.4085
63.0758
69.1208
65.009
72.5958
-72.3477
-74.7527
-67.6369
-71.4793
-69.209
-68.4533
-66.0118
-59.6283
-57.9364
-51.7632
-50.804
-46.5484
-46.4753
-44.0794
-40.8872
-27.467
-13.7065
-8.66518
-4.72402
0.509944
1.4352
3.045
6.83762
9.74078
12.8256
16.3236
26.4343
33.9319
35.7879
39.2888
40.4476
43.1266
41.2574
44.4046
42.5955
47.7765
50.4689
53.6676
66.2478
71.2573
73.2994
75.8192
80.3027
78.3081
78.2642
63.8783
75.4465
72.1542
69.2921
68.576
66.2243
60.0543
54.9119
41.6556
39.6592
38.8944
36.017
24.0217
24.612
21.5448
20.2735
18.2897
16.2073
13.5665
9.17745
7.86631
3.67337
0.117427
-1.46235
-2.47063
-6.9065
-7.68625
-9.81701
-9.41085
-10.5423
-14.4499
-19.1822
-18.7837
-30.3614
-31.0181
-39.5046
-57.7897
-57.0211
-61.0889
-44.7092
-81.9798
-82.9292
-83.0862
-83.7303
-82.514
-76.0105
-75.8911
-70.6995
-73.2724
-72.3941
-72.5515
-67.8531
-66.6023
-65.2903
-61.9008
-63.9184
-59.1618
-57.6676
-39.2165
-9.91212
-10.205
-4.50378
-5.59279
-0.243517
-0.252533
2.52134
8.88571
9.8057
14.2952
18.113
17.5124
22.8752
29.2469
28.9584
34.556
37.3583
40.0671
39.631
41.7598
47.9349
47.9107
52.1283
57.8212
66.2071
75.8176
77.0961
80.1359
79.7204
77.933
78.0339
61.1488
79.1306
78.074
74.6665
72.5089
68.7226
62.9503
62.7545
59.4376
53.6992
52.3359
48.9537
47.9414
44.4985
42.2597
41.1666
38.1072
39.1295
36.8503
30.6559
30.5896
25.3505
23.2934
20.39
21.011
17.8484
17.7487
14.6995
12.0583
8.76793
10.1944
6.67717
1.57654
1.21322
-1.26387
-6.25752
-8.90972
-9.27727
-11.6049
-13.4111
-24.8235
-22.6392
-29.2637
-33.3579
-33.7524
-34.4504
-35.789
-36.957
-39.7322
-42.103
-51.2622
-51.0108
-56.9408
-59.6417
-62.4038
-59.751
-58.772
-68.443
-66.3895
-67.848
-69.4912
-71.0375
-72.8913
77.0162
72.6149
74.2235
71.0424
72.5758
74.2554
69.7084
79.0113
68.8231
74.6568
73.9478
73.3181
67.3003
70.328
65.7758
61.0246
41.6714
42.2489
45.384
44.6209
43.9109
40.4273
39.6009
38.5537
38.2464
36.3017
32.3554
26.9802
20.762
21.2831
10.778
10.3853
4.22853
3.4021
0.794206
0.697056
-2.91958
-6.30956
-9.77001
-11.2088
-14.3624
-13.4721
-17.576
-18.8932
-30.6233
-30.6397
-31.3741
-34.0143
-33.6023
-35.5706
-38.2362
-36.7521
-40.0801
-40.5198
-41.8811
-47.0264
-55.4489
-58.4215
-61.7653
-63.0211
-61.47
-62.0085
-67.6232
-67.1853
-67.7637
-67.5912
-73.2116
-72.2767
-73.0773
-74.5463
-75.2429
-76.4377
81.7728
79.8716
80.2687
78.1393
76.6492
76.7864
74.8878
70.9384
67.9595
66.3329
65.5767
61.2715
60.8353
60.6744
53.0681
53.2942
51.0591
47.0104
40.8188
37.6178
36.9771
26.5591
24.1336
22.6691
20.4464
22.3249
18.5263
18.8855
16.3358
16.6106
14.9695
14.1599
12.4561
10.9611
7.632
4.86904
3.31959
2.38449
-0.825117
0.0582697
-3.91381
-3.25045
-6.74832
-5.6023
-8.33518
-11.3664
-16.0188
-17.025
-19.3142
-26.1542
-29.671
-32.0319
-33.7582
-33.3213
-33.542
-36.0622
-42.038
-45.3154
-48.3544
-55.3188
-52.005
-52.4903
-56.5306
-54.8876
-54.1043
-58.2141
-60.1358
-64.8539
-69.6369
-71.3542
-72.7739
-76.0335
81.6629
79.1156
76.3776
71.9536
65.612
72.7567
69.0633
63.9114
43.1932
59.8692
52.5765
27.414
51.2098
44.0796
43.7962
42.3846
41.8394
40.1219
39.9194
38.6755
38.1203
38.7668
38.0635
37.2956
28.5129
31.1059
24.1265
11.8778
2.36429
-3.1921
-4.44767
-10.0115
-13.5531
-21.6402
-22.4408
-32.6485
-32.6516
-33.3285
-34.336
-37.6514
-39.5683
-42.1833
-44.4479
-44.3667
-44.9935
-46.4885
-51.5913
-61.528
-61.4275
-59.7445
-63.1564
-67.5015
-70.1506
-73.9692
-76.3951
-74.9356
-77.0613
-78.8819
81.1976
78.4251
70.0065
73.0326
75.5546
71.7449
70.3406
64.1752
63.84
66.5884
60.8101
62.3119
60.603
60.4422
52.4801
49.2307
48.11
44.1076
42.7343
42.3921
37.7896
38.0373
37.3367
37.163
36.1507
32.2745
29.8794
30.6557
25.3827
22.1803
20.7212
19.6597
19.1935
18.039
15.7081
12.407
10.0984
7.74081
6.79762
4.27861
2.27286
1.75232
-0.178177
-1.58869
-3.20874
-2.01825
-3.81889
-4.38457
-6.24089
-6.74346
-9.1824
-12.2953
-19.3954
-21.2017
-20.8765
-26.9811
-27.0001
-28.3755
-30.7898
-32.401
-35.4695
-37.3383
-34.468
-39.5641
-40.0129
-40.9919
-46.3577
-49.7099
-48.2181
-51.5312
-49.8522
-54.2014
-53.8061
-61.0151
-64.3546
-61.486
-62.3974
-72.5922
-73.886
-78.9516
-73.7585
-79.094
-81.5213
-81.9852
-80.1243
-82.5514
-81.249
-80.8004
-76.0798
-75.1971
-65.8906
-65.3202
-69.2503
-63.9158
-51.1403
-54.571
-53.6932
-50.7475
-49.0376
-37.0691
-46.1536
-43.7261
-42.5739
-38.3945
-31.689
-32.3615
-29.9312
-31.6735
-26.8552
-27.7894
-21.7825
-17.9512
-13.1779
-12.0736
-11.5455
-10.6295
-8.406
-5.1929
-5.55406
-1.48793
-0.560568
2.58518
6.47331
6.19747
8.23126
12.7036
16.0158
17.5461
18.4374
17.9509
20.3263
24.3371
28.7645
25.4501
40.3089
42.5124
39.3678
39.9181
39.7723
41.6896
42.7836
45.5013
45.9522
45.3372
49.9021
51.1411
54.8856
55.3466
58.4941
58.5903
60.3741
60.5696
68.0939
63.5111
68.2936
66.2663
68.0993
74.3022
71.9931
67.4827
74.9856
57.5581
-81.0338
-79.8206
-78.8905
-79.0778
-76.8897
-74.1681
-72.0069
-71.3634
-67.2171
-65.4207
-65.2246
-59.6286
-56.8781
-53.275
-51.0287
-49.344
-48.7316
-46.4447
-42.0887
-38.4325
-36.5401
-36.0228
-33.6423
-33.0233
-32.4062
-30.2401
-27.1966
-22.8
-23.7732
-17.2684
-15.5631
-15.3622
-13.7808
-11.5125
-12.1387
-9.38387
-5.29452
-3.28063
-0.24386
-0.886899
1.4377
2.43086
3.95658
4.97663
6.86363
7.32801
8.82578
11.9569
13.1298
16.3364
17.1514
17.8639
19.0615
19.7667
22.7579
22.0197
25.6937
26.0775
31.4383
34.9907
35.9289
37.8724
39.2689
38.458
42.5542
44.0159
43.2785
46.3321
46.9018
52.5482
53.5654
53.0419
61.1904
61.644
69.7853
69.6504
71.9559
70.9741
67.0461
70.1423
72.8783
73.9758
75.6679
80.3621
77.3808
-81.803
-80.7598
-80.042
-80.5682
-78.5017
-77.9138
-73.2341
-74.671
-72.2959
-71.7763
-69.5796
-66.6777
-65.1887
-63.1112
-63.289
-61.7756
-60.2267
-55.8893
-57.2262
-52.6132
-49.3019
-44.1549
-42.1917
-41.5594
-40.5026
-39.4758
-39.0061
-34.3223
-33.4126
-33.1871
-32.0699
-31.9714
-30.9212
-30.1261
-24.9377
-20.4365
-14.8563
-14.0432
-12.3361
-10.1736
-9.28958
-6.85025
-4.25217
3.02094
6.1086
7.46298
9.69395
13.3441
14.5205
17.0017
18.9517
19.2766
22.1058
28.2406
24.9582
33.4364
30.4391
35.7402
35.8899
37.9549
38.0653
40.7546
40.2574
41.1053
42.227
42.601
42.1824
42.9038
47.2412
49.9312
49.3222
57.4982
56.384
61.5441
69.5275
64.3444
67.4569
74.2328
78.8769
80.442
79.0469
73.3742
78.6333
81.3846
-81.6361
-81.8988
-83.1249
-76.2851
-75.2051
-69.351
-66.8767
-68.1894
-66.1581
-64.0143
-63.5361
-63.9242
-63.7858
-62.5548
-61.2969
-53.7992
-56.0646
-51.0847
-48.72
-44.7844
-41.4084
-38.6014
-36.6253
-35.0161
-32.2873
-27.9195
-26.152
-20.2127
-21.3246
-16.3241
-14.569
-12.8447
-11.8199
-7.7744
-7.57599
-2.95442
-4.39547
-2.83205
2.77677
3.80677
7.77332
11.4112
15.65
19.1828
21.8646
21.8502
23.3825
23.1694
23.8931
24.1617
29.932
30.1978
30.3134
36.0472
35.4074
35.4049
36.4319
36.2549
38.269
38.9304
40.7605
42.3983
43.4508
45.209
47.9294
53.0577
59.794
61.5816
63.9089
66.9058
68.2111
68.026
66.8025
72.4332
72.3631
71.9734
73.0711
78.5749
78.9584
-78.4605
-79.7197
-76.3942
-78.3258
-76.2158
-71.8654
-74.964
-72.0448
-67.6974
-65.5461
-72.7082
-68.1453
-62.1813
-62.6738
-59.6499
-57.8713
-56.2281
-51.9485
-46.3292
-43.4153
-43.2963
-39.8388
-38.1497
-36.2228
-36.6955
-34.1604
-34.3229
-32.7021
-31.3849
-26.1413
-30.1958
-19.3787
-17.0419
-16.7644
-15.1896
-12.0225
-10.8781
-10.7644
-7.11708
-4.24264
-1.55828
0.599276
3.3229
3.73783
5.61884
10.5408
14.4407
15.4184
18.6318
19.3237
20.2302
22.9197
23.3298
24.7561
25.3514
30.3877
36.3029
35.8733
38.9869
39.9029
40.8638
41.4865
46.5152
51.7414
53.7851
59.0863
61.3385
64.7947
68.9219
70.3535
70.5307
74.3546
77.6859
78.56
78.7751
80.6223
78.0072
83.2258
83.537
84.4394
83.3937
82.6258
82.9451
80.9715
84.076
81.6678
-82.1535
-82.4009
-81.767
-80.9918
-78.6722
-74.3977
-72.9276
-67.8044
-68.6607
-69.094
-68.1227
-71.7828
-66.9911
-65.3458
-64.0055
-61.9222
-58.2544
-53.5968
-52.7115
-48.2238
-48.8246
-47.8627
-44.7785
-44.4696
-43.3424
-41.0804
-40.3725
-35.3632
-32.0783
-27.9483
-27.7705
-27.4704
-18.0207
-16.3053
-14.3657
-12.9284
-10.7463
-8.94473
-6.12528
-4.89686
-1.9831
-0.606305
1.67101
3.91172
4.19866
7.1422
10.7782
14.5805
16.3091
18.9893
19.6726
19.7056
21.9983
22.761
22.2866
29.734
31.4936
34.5863
34.6478
36.329
36.8952
38.1446
40.5456
41.2865
44.5807
47.709
50.4212
54.2311
59.1095
63.6864
66.6672
65.5804
71.7
74.1635
77.8786
74.6343
78.397
79.7694
83.1238
82.7632
-68.2058
-72.2871
-67.528
-61.1347
-63.8128
-65.3482
-61.4747
-59.0854
-62.7538
-61.6947
-59.6771
-59.2074
-57.0897
-56.3881
-50.0468
-50.3204
-43.5133
-41.8115
-43.2805
-41.4782
-37.4213
-34.1108
-33.8856
-34.7335
-31.6423
-31.1705
-29.1973
-26.6169
-23.6522
-23.033
-13.8566
-13.0507
-9.92996
-9.808
-7.92638
-4.53846
-0.414719
-1.25927
3.55559
5.66268
6.36565
8.02603
12.771
14.1523
14.8995
24.2547
25.4188
21.4517
23.4576
29.4848
26.5323
33.6243
34.8525
34.0194
33.7565
37.5757
38.2547
39.744
40.363
42.1259
41.4187
44.2515
52.7407
54.8581
58.1686
61.406
60.131
63.5172
64.3905
61.213
63.9125
71.457
67.625
75.308
70.781
76.6834
76.7807
76.4288
79.9655
82.1607
79.4647
-71.423
-70.7452
-71.3905
-69.4324
-69.3307
-62.0286
-66.0681
-62.6506
-62.7667
-59.5105
-58.5909
-53.4412
-55.3099
-49.7312
-50.9
-43.8259
-44.371
-37.7443
-35.0122
-34.9069
-30.8451
-32.5232
-31.4186
-29.5549
-28.0223
-27.9737
-21.2293
-21.2628
-16.9993
-14.0325
-13.8057
-9.8061
-4.04166
-2.87303
-2.20313
2.45318
3.38742
5.20496
9.71877
16.2082
17.7092
19.5612
26.2193
21.75
22.6132
24.2078
24.965
29.675
35.5742
38.1529
38.2648
41.5934
43.9092
45.9502
47.5944
50.0496
52.0018
54.2907
56.2611
56.9967
56.1076
57.2681
57.4993
63.3023
64.2059
65.5188
67.7535
69.0155
70.9091
70.7801
75.5666
73.8321
-63.0293
-59.8974
-49.7732
-55.8966
-55.4799
-55.481
-57.1135
-58.7174
-53.2575
-54.4689
-49.7683
-47.8662
-53.6514
-45.3239
-41.5782
-42.1621
-41.3764
-39.6348
-40.6996
-37.1957
-35.3929
-33.818
-32.1464
-30.888
-29.0088
-29.3391
-30.0257
-27.8604
-24.5632
-18.2666
-16.02
-14.4213
-11.2236
-8.8397
-9.12087
-7.3491
-5.48494
-4.12955
-2.44036
-0.209335
6.03761
5.89336
8.94282
10.3277
16.0021
15.3707
16.4174
19.5466
20.3809
21.6641
22.5551
21.5446
22.6339
32.7783
35.2898
29.2088
37.6463
36.0553
38.0309
38.6006
38.3544
39.5176
40.8416
40.5726
41.9998
44.6421
51.1663
47.5267
50.1496
50.5187
53.9043
52.591
57.8662
62.8356
63.4994
66.7528
70.9155
73.1207
73.9874
71.5706
70.1314
-65.2571
-66.256
-62.7897
-60.2277
-63.6599
-61.8479
-58.0501
-60.4203
-59.573
-57.2923
-55.866
-52.6365
-48.611
-48.3345
-43.5345
-40.3881
-38.3784
-38.073
-39.8864
-37.4007
-34.7332
-35.1175
-33.3009
-33.0131
-33.0694
-31.4638
-29.2916
-29.7985
-27.6215
-25.0186
-17.9533
-15.6076
-14.2028
-11.5152
-9.00696
-7.44509
-4.96033
-3.19651
1.18755
2.48152
3.79736
6.87021
9.39171
15.3297
18.7606
25.2211
22.0339
23.7954
24.5316
28.2255
27.981
27.4045
30.1041
33.5789
33.9819
36.6644
39.8228
38.8934
40.0012
43.3293
44.6658
45.3467
46.9141
49.918
52.2456
55.3495
61.0382
58.983
66.4775
71.559
73.6363
68.1156
73.4617
77.3589
79.322
75.0541
80.626
81.2839
73.2825
77.5506
78.0507
-69.2017
-77.2407
-77.2794
-80.7807
-73.803
-74.6964
-77.752
-74.6204
-71.5692
-68.6666
-65.1001
-61.6933
-62.4499
-60.8824
-62.0829
-59.77
-55.2885
-54.7017
-51.3554
-48.6855
-46.7927
-42.646
-41.2979
-39.8978
-36.7734
-35.7299
-34.0469
-33.0433
-30.6111
-30.9519
-28.8226
-29.3924
-26.0104
-20.413
-18.2998
-16.5463
-14.9198
-16.5454
-11.673
-8.97523
-5.198
-6.04492
-2.88622
-0.263146
1.45348
4.92015
4.61983
8.22787
11.3705
15.2891
17.8306
19.8687
21.984
22.0062
23.5883
25.0279
26.1909
27.106
27.0944
27.9224
34.836
36.4824
39.2639
40.0209
40.2893
43.5934
44.1304
46.7511
48.2973
51.6818
50.3847
54.6871
56.7088
59.0293
61.8082
62.6939
66.7285
69.6313
66.1289
67.0354
67.8307
69.7721
72.2979
73.8607
77.1252
79.7002
82.5201
73.2309
-79.2397
-77.3119
-76.1736
-75.2256
-75.4144
-74.1981
-73.3752
-72.6975
-74.5524
-70.5666
-68.8248
-67.2805
-66.9852
-63.5619
-62.0444
-61.2634
-59.3921
-54.3192
-55.0439
-58.3523
-48.2563
-46.9945
-42.2652
-38.3571
-36.6317
-34.303
-35.0438
-31.8451
-30.8719
-28.5512
-28.597
-20.2811
-25.3318
-21.5281
-16.6986
-14.1383
-13.096
-11.2791
-7.36216
-5.96671
-4.58216
-3.3333
-1.73858
3.33633
5.79177
11.0324
12.3991
15.7059
19.381
18.6333
19.9259
21.3876
23.3076
25.864
23.3362
23.6456
30.2704
27.2694
32.2651
34.1255
38.7407
41.164
43.1693
47.0408
49.0516
51.9736
57.1644
56.9936
64.7812
67.8741
69.335
73.8488
71.0003
74.3825
76.4908
74.6798
77.1155
78.6215
80.7341
80.9609
80.223
81.7056
81.6183
84.4477
83.7192
86.0465
85.3071
-81.5795
-78.0405
-78.1654
-80.1283
-74.6439
-76.3209
-76.0487
-73.8456
-74.0573
-67.8411
-68.6648
-67.2442
-62.6383
-59.6605
-57.6803
-59.1025
-55.1726
-55.2743
-52.5795
-45.0922
-42.7137
-40.6322
-39.6356
-35.0818
-30.994
-31.0801
-30.7415
-30.0821
-29.208
-26.2767
-20.1586
-15.2433
-14.4632
-9.49304
-9.42408
-6.14547
-5.48619
-2.48009
1.1074
1.21242
4.33563
3.83579
7.91415
7.12929
10.1286
13.7442
17.7624
16.6351
19.89
18.4989
19.9238
22.5427
25.0894
26.4056
28.4382
30.4409
36.2066
36.0087
36.0782
38.1972
38.1615
41.4088
41.5962
41.3896
46.2841
49.5745
52.6515
49.3404
51.7836
54.6448
61.5349
58.5178
66.0819
70.013
72.9099
72.0013
70.1051
71.5799
58.4785
68.9802
-79.5993
-76.3857
-72.2798
-73.8944
-75.7722
-77.5629
-71.0749
-68.6454
-66.6884
-66.0891
-65.6131
-55.8872
-56.5655
-55.3212
-47.9419
-44.7683
-44.2593
-39.8588
-41.314
-39.9128
-38.3573
-35.6319
-37.5716
-29.9404
-26.7585
-25.5513
-28.5676
-24.1719
-22.0113
-19.1591
-13.5368
-14.9589
-12.0042
-7.23557
-6.02555
-3.3913
-2.40205
-1.44083
0.920705
3.86904
4.06111
5.95948
5.77316
8.18843
7.53462
9.58226
11.4682
13.732
18.4921
20.4038
25.2144
23.9435
30.0528
36.1795
38.2067
38.072
38.8747
39.0771
39.8235
40.8429
43.4682
41.9447
45.823
49.0764
53.2342
54.9177
61.0662
63.3156
64.2598
67.1762
67.5045
68.9614
73.2654
73.2462
74.0768
74.179
75.7205
78.8808
77.8776
81.7708
