21959.0000000000 
-172.0899963379 
2539.1999511719 
-912.1099853516 
-4147.8999023438 
-263.0000000000 
-40.0099983215 
-82.3690032959 
589.1400146484 
-1291.0000000000 
-1013.4000244141 
-528.3900146484 
329.5599975586 
150.7200012207 
-89.8030014038 
-92.2060012817 
42.1049995422 
-213.5899963379 
372.2200012207 
171.2899932861 
48.4420013428 
256.0899963379 
79.8899993896 
293.5299987793 
115.1699981689 
-367.1400146484 
27.0289993286 
23.1469993591 
-46.6409988403 
-15.7390003204 
60.1689987183 
-277.9299926758 
-282.6300048828 
-292.0400085449 
-293.0000000000 
68.4059982300 
-94.9449996948 
-102.4599990845 
169.3800048828 
6.2940998077 
66.4580001831 
97.6159973145 
-115.3099975586 
-33.2500000000 
39.2200012207 
63.6300010681 
187.1000061035 
-274.2699890137 
-136.0700073242 
26.4449996948 
-62.3009986877 
-253.4299926758 
-203.1300048828 
3.2541999817 
-96.9589996338 
-110.1699981689 
31.0709991455 
-162.4900054932 
-47.2760009766 
159.5500030518 
106.4199981689 
8.3885002136 
-19.7329998016 
-101.9100036621 
-182.8000030518 
82.6350021362 
59.4300003052 
43.2999992371 
104.3399963379 
164.3099975586 
-40.3489990234 
142.2100067139 
303.2099914551 
101.3000030518 
15.1079998016 
-4.5437002182 
11.8000001907 
23.8880004883 
88.9169998169 
-195.9100036621 
342.0199890137 
234.8000030518 
217.7200012207 
-63.1860008240 
341.1499938965 
-107.3700027466 
40.4039993286 
-157.0800018311 
-50.4599990845 
127.0500030518 
17.0100002289 
-75.6959991455 
-8.9330997467 
-25.2849998474 
-31.6509990692 
-11.9230003357 
166.2899932861 
-68.5950012207 
82.1500015259 
23.4340000153 
0.1792699993 
